index,n
848124bffffffff-2019-11,1
84a8001ffffffff-2018-09,1
84a8001ffffffff-2019-05,4
84a8001ffffffff-2022-04,1
84a8005ffffffff-2018-12,1
84a8005ffffffff-2019-12,1
84a8005ffffffff-2020-03,1
84a8005ffffffff-2020-10,2
84a8005ffffffff-2021-01,1
84a8005ffffffff-2021-11,1
84a8005ffffffff-2022-06,1
84a8005ffffffff-2022-12,2
84a8005ffffffff-2023-02,2
84a8005ffffffff-2023-05,1
84a8005ffffffff-2023-07,4
84a8007ffffffff-2017-07,1
84a8007ffffffff-2018-06,1
84a8007ffffffff-2018-08,1
84a8007ffffffff-2018-11,1
84a8007ffffffff-2019-01,1
84a8007ffffffff-2019-07,1
84a8009ffffffff-2020-06,2
84a8009ffffffff-2020-09,1
84a8009ffffffff-2022-04,1
84a8009ffffffff-2022-10,3
84a800dffffffff-2018-02,1
84a800dffffffff-2019-03,3
84a8013ffffffff-2023-06,1
84a8019ffffffff-2020-04,3
84a8019ffffffff-2020-05,4
84a801bffffffff-2016-03,1
84a801bffffffff-2020-02,1
84a801bffffffff-2021-10,1
84a801bffffffff-2022-06,2
84a801bffffffff-2022-10,3
84a801bffffffff-2023-09,2
84a801dffffffff-2023-04,2
84a8021ffffffff-2022-07,1
84a8021ffffffff-2023-10,1
84a8025ffffffff-2022-04,1
84a8025ffffffff-2022-07,1
84a8025ffffffff-2022-10,2
84a8025ffffffff-2023-01,3
84a8025ffffffff-2023-09,1
84a8027ffffffff-2022-12,1
84a8027ffffffff-2023-01,1
84a8027ffffffff-2023-04,1
84a8029ffffffff-2020-03,1
84a802dffffffff-2019-08,1
84a802dffffffff-2020-04,1
84a802dffffffff-2020-05,1
84a802dffffffff-2020-07,1
84a802dffffffff-2020-08,1
84a802dffffffff-2020-10,5
84a802dffffffff-2021-01,2
84a802dffffffff-2021-05,1
84a802dffffffff-2021-09,1
84a802dffffffff-2021-10,1
84a802dffffffff-2021-11,2
84a802dffffffff-2023-05,2
84a802dffffffff-2023-06,1
84a802dffffffff-2023-07,2
84a8035ffffffff-2017-06,1
84a8035ffffffff-2017-07,1
84a8035ffffffff-2018-06,1
84a8035ffffffff-2018-07,3
84a803dffffffff-2013-05,1
84a803dffffffff-2015-10,1
84a803dffffffff-2023-07,1
84a8041ffffffff-2017-11,1
84a8041ffffffff-2019-10,1
84a8041ffffffff-2020-08,1
84a8041ffffffff-2021-10,2
84a8041ffffffff-2022-07,1
84a8041ffffffff-2022-10,1
84a8041ffffffff-2023-08,5
84a8043ffffffff-2019-03,1
84a8043ffffffff-2020-06,1
84a8043ffffffff-2021-02,2
84a8043ffffffff-2021-09,4
84a8043ffffffff-2022-02,2
84a8043ffffffff-2023-03,2
84a8043ffffffff-2023-09,4
84a8043ffffffff-2023-10,1
84a8047ffffffff-2018-08,1
84a8047ffffffff-2019-10,1
84a8047ffffffff-2020-07,1
84a8047ffffffff-2021-11,2
84a8047ffffffff-2022-01,1
84a8049ffffffff-2015-11,2
84a8049ffffffff-2017-02,3
84a8049ffffffff-2017-07,1
84a8049ffffffff-2017-12,1
84a8049ffffffff-2018-05,2
84a8049ffffffff-2018-06,2
84a8049ffffffff-2018-09,1
84a8049ffffffff-2019-07,1
84a8049ffffffff-2019-10,2
84a8049ffffffff-2019-12,1
84a8049ffffffff-2020-03,2
84a8049ffffffff-2020-04,1
84a8049ffffffff-2020-07,2
84a8049ffffffff-2020-11,1
84a8049ffffffff-2021-01,1
84a8049ffffffff-2021-02,2
84a8049ffffffff-2021-06,4
84a8049ffffffff-2021-07,1
84a8049ffffffff-2021-08,1
84a8049ffffffff-2021-09,1
84a8049ffffffff-2022-09,1
84a8049ffffffff-2022-11,1
84a8049ffffffff-2023-02,5
84a8049ffffffff-2023-05,1
84a8049ffffffff-2023-07,1
84a8049ffffffff-2023-08,1
84a8049ffffffff-2023-09,3
84a804bffffffff-2017-08,1
84a804bffffffff-2021-06,2
84a804bffffffff-2022-03,2
84a804bffffffff-2023-07,1
84a804bffffffff-2023-08,1
84a804dffffffff-2013-11,2
84a804dffffffff-2014-08,1
84a804dffffffff-2015-01,1
84a804dffffffff-2015-04,1
84a804dffffffff-2015-05,1
84a804dffffffff-2016-05,5
84a804dffffffff-2016-10,1
84a804dffffffff-2017-03,2
84a804dffffffff-2017-04,4
84a804dffffffff-2017-08,5
84a804dffffffff-2017-10,2
84a804dffffffff-2017-11,4
84a804dffffffff-2018-01,4
84a804dffffffff-2018-03,1
84a804dffffffff-2018-04,1
84a804dffffffff-2018-05,1
84a804dffffffff-2018-08,1
84a804dffffffff-2019-01,1
84a804dffffffff-2019-03,1
84a804dffffffff-2019-04,1
84a804dffffffff-2019-08,2
84a804dffffffff-2019-10,2
84a804dffffffff-2019-11,3
84a804dffffffff-2020-03,2
84a804dffffffff-2020-04,2
84a804dffffffff-2020-05,2
84a804dffffffff-2020-08,2
84a804dffffffff-2020-09,1
84a804dffffffff-2020-10,4
84a804dffffffff-2020-11,2
84a804dffffffff-2021-02,2
84a804dffffffff-2021-03,2
84a804dffffffff-2021-04,1
84a804dffffffff-2021-05,2
84a804dffffffff-2021-10,3
84a804dffffffff-2021-11,2
84a804dffffffff-2022-01,2
84a804dffffffff-2022-03,4
84a804dffffffff-2022-04,1
84a804dffffffff-2022-05,3
84a804dffffffff-2022-06,2
84a804dffffffff-2022-07,2
84a804dffffffff-2022-08,6
84a804dffffffff-2022-09,1
84a804dffffffff-2022-10,10
84a804dffffffff-2022-11,9
84a804dffffffff-2022-12,6
84a804dffffffff-2023-01,2
84a804dffffffff-2023-02,2
84a804dffffffff-2023-03,7
84a804dffffffff-2023-05,4
84a804dffffffff-2023-06,6
84a804dffffffff-2023-07,2
84a804dffffffff-2023-08,7
84a804dffffffff-2023-09,4
84a804dffffffff-2023-10,7
84a804dffffffff-2023-11,5
84a8051ffffffff-2022-05,1
84a8055ffffffff-2016-07,1
84a8055ffffffff-2017-12,1
84a8055ffffffff-2019-09,1
84a8055ffffffff-2021-02,2
84a8055ffffffff-2021-08,1
84a8055ffffffff-2022-01,1
84a8055ffffffff-2022-04,2
84a8055ffffffff-2022-07,1
84a8055ffffffff-2022-08,1
84a8055ffffffff-2022-10,4
84a8055ffffffff-2022-12,1
84a8055ffffffff-2023-01,3
84a8055ffffffff-2023-03,1
84a8055ffffffff-2023-04,10
84a8055ffffffff-2023-06,1
84a8055ffffffff-2023-07,4
84a8055ffffffff-2023-08,1
84a8055ffffffff-2023-09,2
84a8055ffffffff-2023-10,2
84a8055ffffffff-2023-11,3
84a8057ffffffff-2016-05,1
84a8057ffffffff-2018-05,1
84a8057ffffffff-2020-10,1
84a8057ffffffff-2022-11,6
84a8057ffffffff-2023-03,1
84a8057ffffffff-2023-09,1
84a8059ffffffff-2020-09,1
84a8059ffffffff-2021-06,1
84a805dffffffff-2020-04,1
84a805dffffffff-2020-09,3
84a805dffffffff-2020-12,2
84a805dffffffff-2021-05,1
84a805dffffffff-2021-06,2
84a805dffffffff-2022-07,3
84a805dffffffff-2022-12,1
84a805dffffffff-2023-01,1
84a805dffffffff-2023-04,1
84a8061ffffffff-2013-01,1
84a8061ffffffff-2017-07,1
84a8061ffffffff-2017-10,1
84a8061ffffffff-2017-11,2
84a8061ffffffff-2019-05,2
84a8061ffffffff-2019-07,7
84a8061ffffffff-2019-09,2
84a8061ffffffff-2019-10,1
84a8061ffffffff-2019-11,1
84a8061ffffffff-2020-10,2
84a8061ffffffff-2020-12,2
84a8061ffffffff-2021-07,4
84a8061ffffffff-2021-10,4
84a8061ffffffff-2022-02,2
84a8061ffffffff-2022-06,2
84a8061ffffffff-2022-08,4
84a8061ffffffff-2023-04,6
84a8061ffffffff-2023-05,1
84a8061ffffffff-2023-08,4
84a8061ffffffff-2023-09,3
84a8061ffffffff-2023-10,2
84a8061ffffffff-2023-11,5
84a8063ffffffff-2017-10,1
84a8063ffffffff-2021-01,4
84a8063ffffffff-2021-08,2
84a8063ffffffff-2022-01,2
84a8063ffffffff-2022-06,3
84a8065ffffffff-2016-12,1
84a8065ffffffff-2019-12,1
84a8065ffffffff-2020-10,3
84a8065ffffffff-2021-07,1
84a8065ffffffff-2021-10,1
84a8065ffffffff-2022-04,1
84a8065ffffffff-2022-08,5
84a8065ffffffff-2023-06,1
84a8065ffffffff-2023-07,2
84a8065ffffffff-2023-09,4
84a8065ffffffff-2023-10,3
84a8067ffffffff-2013-06,2
84a8067ffffffff-2013-12,1
84a8067ffffffff-2014-10,4
84a8067ffffffff-2015-11,6
84a8067ffffffff-2016-07,1
84a8067ffffffff-2017-06,2
84a8067ffffffff-2017-07,1
84a8067ffffffff-2017-08,15
84a8067ffffffff-2017-09,1
84a8067ffffffff-2017-10,2
84a8067ffffffff-2017-11,1
84a8067ffffffff-2018-05,6
84a8067ffffffff-2018-08,3
84a8067ffffffff-2018-10,10
84a8067ffffffff-2018-11,2
84a8067ffffffff-2018-12,7
84a8067ffffffff-2019-03,1
84a8067ffffffff-2019-04,2
84a8067ffffffff-2019-05,11
84a8067ffffffff-2019-07,1
84a8067ffffffff-2019-08,8
84a8067ffffffff-2019-10,23
84a8067ffffffff-2020-03,4
84a8067ffffffff-2020-05,1
84a8067ffffffff-2020-06,1
84a8067ffffffff-2020-10,2
84a8067ffffffff-2021-02,3
84a8067ffffffff-2021-04,1
84a8067ffffffff-2021-08,1
84a8067ffffffff-2021-09,11
84a8067ffffffff-2021-12,4
84a8067ffffffff-2022-01,1
84a8067ffffffff-2022-03,3
84a8067ffffffff-2022-05,1
84a8067ffffffff-2022-06,14
84a8067ffffffff-2022-07,16
84a8067ffffffff-2022-08,5
84a8067ffffffff-2022-09,15
84a8067ffffffff-2022-10,67
84a8067ffffffff-2022-11,5
84a8067ffffffff-2022-12,6
84a8067ffffffff-2023-03,7
84a8067ffffffff-2023-04,3
84a8067ffffffff-2023-05,6
84a8067ffffffff-2023-06,10
84a8067ffffffff-2023-07,14
84a8067ffffffff-2023-08,9
84a8067ffffffff-2023-09,27
84a8067ffffffff-2023-10,8
84a8067ffffffff-2023-11,19
84a8069ffffffff-2016-10,1
84a8069ffffffff-2017-04,1
84a8069ffffffff-2017-12,2
84a8069ffffffff-2020-01,2
84a8069ffffffff-2021-03,1
84a8069ffffffff-2021-11,1
84a8069ffffffff-2022-01,2
84a8069ffffffff-2023-01,2
84a8069ffffffff-2023-07,1
84a8069ffffffff-2023-08,1
84a806dffffffff-2017-05,5
84a806dffffffff-2018-12,3
84a806dffffffff-2020-05,3
84a806dffffffff-2020-06,1
84a806dffffffff-2021-03,1
84a806dffffffff-2023-01,2
84a80c3ffffffff-2019-02,1
84a80e1ffffffff-2023-07,3
84a80e1ffffffff-2023-11,1
84a8101ffffffff-2012-07,2
84a8101ffffffff-2014-06,1
84a8101ffffffff-2014-07,2
84a8101ffffffff-2014-09,1
84a8101ffffffff-2014-11,6
84a8101ffffffff-2015-01,1
84a8101ffffffff-2015-04,2
84a8101ffffffff-2015-05,11
84a8101ffffffff-2015-06,6
84a8101ffffffff-2015-08,2
84a8101ffffffff-2015-09,4
84a8101ffffffff-2015-10,1
84a8101ffffffff-2015-11,1
84a8101ffffffff-2016-05,15
84a8101ffffffff-2016-06,3
84a8101ffffffff-2016-07,4
84a8101ffffffff-2016-08,1
84a8101ffffffff-2016-09,11
84a8101ffffffff-2016-10,5
84a8101ffffffff-2016-11,5
84a8101ffffffff-2016-12,3
84a8101ffffffff-2017-01,3
84a8101ffffffff-2017-02,1
84a8101ffffffff-2017-04,6
84a8101ffffffff-2017-06,7
84a8101ffffffff-2017-08,2
84a8101ffffffff-2017-09,3
84a8101ffffffff-2017-10,6
84a8101ffffffff-2017-11,5
84a8101ffffffff-2017-12,8
84a8101ffffffff-2018-01,11
84a8101ffffffff-2018-02,5
84a8101ffffffff-2018-03,4
84a8101ffffffff-2018-04,9
84a8101ffffffff-2018-05,4
84a8101ffffffff-2018-06,18
84a8101ffffffff-2018-07,5
84a8101ffffffff-2018-09,12
84a8101ffffffff-2018-10,16
84a8101ffffffff-2018-11,18
84a8101ffffffff-2018-12,18
84a8101ffffffff-2019-01,10
84a8101ffffffff-2019-02,5
84a8101ffffffff-2019-03,7
84a8101ffffffff-2019-04,6
84a8101ffffffff-2019-06,5
84a8101ffffffff-2019-07,2
84a8101ffffffff-2019-08,1
84a8101ffffffff-2019-09,3
84a8101ffffffff-2019-10,9
84a8101ffffffff-2019-11,1
84a8101ffffffff-2019-12,14
84a8101ffffffff-2020-01,5
84a8101ffffffff-2020-03,9
84a8101ffffffff-2020-04,5
84a8101ffffffff-2020-05,9
84a8101ffffffff-2020-06,1
84a8101ffffffff-2020-07,4
84a8101ffffffff-2020-08,9
84a8101ffffffff-2020-09,11
84a8101ffffffff-2020-10,3
84a8101ffffffff-2020-11,15
84a8101ffffffff-2020-12,9
84a8101ffffffff-2021-01,2
84a8101ffffffff-2021-02,15
84a8101ffffffff-2021-03,15
84a8101ffffffff-2021-04,11
84a8101ffffffff-2021-05,10
84a8101ffffffff-2021-06,3
84a8101ffffffff-2021-07,7
84a8101ffffffff-2021-08,14
84a8101ffffffff-2021-09,14
84a8101ffffffff-2021-10,11
84a8101ffffffff-2021-11,7
84a8101ffffffff-2021-12,7
84a8101ffffffff-2022-01,12
84a8101ffffffff-2022-02,25
84a8101ffffffff-2022-03,15
84a8101ffffffff-2022-04,6
84a8101ffffffff-2022-05,5
84a8101ffffffff-2022-06,5
84a8101ffffffff-2022-07,15
84a8101ffffffff-2022-08,25
84a8101ffffffff-2022-09,29
84a8101ffffffff-2022-10,15
84a8101ffffffff-2022-11,22
84a8101ffffffff-2022-12,4
84a8101ffffffff-2023-01,8
84a8101ffffffff-2023-02,11
84a8101ffffffff-2023-03,18
84a8101ffffffff-2023-04,5
84a8101ffffffff-2023-05,9
84a8101ffffffff-2023-06,12
84a8101ffffffff-2023-07,6
84a8101ffffffff-2023-08,9
84a8101ffffffff-2023-09,21
84a8101ffffffff-2023-10,31
84a8101ffffffff-2023-11,5
84a8103ffffffff-2014-10,1
84a8103ffffffff-2014-12,2
84a8103ffffffff-2015-01,6
84a8103ffffffff-2015-02,4
84a8103ffffffff-2015-03,3
84a8103ffffffff-2015-04,11
84a8103ffffffff-2015-05,4
84a8103ffffffff-2015-06,5
84a8103ffffffff-2015-07,2
84a8103ffffffff-2015-08,3
84a8103ffffffff-2015-09,1
84a8103ffffffff-2015-10,7
84a8103ffffffff-2015-12,2
84a8103ffffffff-2016-01,8
84a8103ffffffff-2016-02,7
84a8103ffffffff-2016-03,3
84a8103ffffffff-2016-04,2
84a8103ffffffff-2016-05,1
84a8103ffffffff-2016-06,2
84a8103ffffffff-2016-07,6
84a8103ffffffff-2016-08,4
84a8103ffffffff-2016-09,11
84a8103ffffffff-2016-10,8
84a8103ffffffff-2016-11,2
84a8103ffffffff-2016-12,5
84a8103ffffffff-2017-01,9
84a8103ffffffff-2017-02,29
84a8103ffffffff-2017-03,5
84a8103ffffffff-2017-04,7
84a8103ffffffff-2017-05,7
84a8103ffffffff-2017-06,4
84a8103ffffffff-2017-07,11
84a8103ffffffff-2017-08,3
84a8103ffffffff-2017-09,5
84a8103ffffffff-2017-10,4
84a8103ffffffff-2017-11,1
84a8103ffffffff-2017-12,1
84a8103ffffffff-2018-01,2
84a8103ffffffff-2018-02,1
84a8103ffffffff-2018-03,9
84a8103ffffffff-2018-04,9
84a8103ffffffff-2018-05,10
84a8103ffffffff-2018-06,21
84a8103ffffffff-2018-07,6
84a8103ffffffff-2018-08,8
84a8103ffffffff-2018-09,13
84a8103ffffffff-2018-10,12
84a8103ffffffff-2018-11,3
84a8103ffffffff-2018-12,8
84a8103ffffffff-2019-01,7
84a8103ffffffff-2019-02,11
84a8103ffffffff-2019-03,5
84a8103ffffffff-2019-04,8
84a8103ffffffff-2019-05,26
84a8103ffffffff-2019-06,14
84a8103ffffffff-2019-07,16
84a8103ffffffff-2019-08,14
84a8103ffffffff-2019-09,8
84a8103ffffffff-2019-10,7
84a8103ffffffff-2019-11,9
84a8103ffffffff-2019-12,16
84a8103ffffffff-2020-01,15
84a8103ffffffff-2020-02,16
84a8103ffffffff-2020-03,10
84a8103ffffffff-2020-04,25
84a8103ffffffff-2020-05,64
84a8103ffffffff-2020-06,26
84a8103ffffffff-2020-07,23
84a8103ffffffff-2020-08,11
84a8103ffffffff-2020-09,15
84a8103ffffffff-2020-10,16
84a8103ffffffff-2020-11,18
84a8103ffffffff-2020-12,10
84a8103ffffffff-2021-01,12
84a8103ffffffff-2021-02,18
84a8103ffffffff-2021-03,13
84a8103ffffffff-2021-04,23
84a8103ffffffff-2021-05,14
84a8103ffffffff-2021-06,6
84a8103ffffffff-2021-07,7
84a8103ffffffff-2021-08,21
84a8103ffffffff-2021-09,13
84a8103ffffffff-2021-10,12
84a8103ffffffff-2021-11,5
84a8103ffffffff-2021-12,9
84a8103ffffffff-2022-01,35
84a8103ffffffff-2022-02,19
84a8103ffffffff-2022-03,23
84a8103ffffffff-2022-04,12
84a8103ffffffff-2022-05,21
84a8103ffffffff-2022-06,7
84a8103ffffffff-2022-07,25
84a8103ffffffff-2022-08,15
84a8103ffffffff-2022-09,11
84a8103ffffffff-2022-10,14
84a8103ffffffff-2022-11,7
84a8103ffffffff-2022-12,3
84a8103ffffffff-2023-01,20
84a8103ffffffff-2023-02,9
84a8103ffffffff-2023-03,14
84a8103ffffffff-2023-04,9
84a8103ffffffff-2023-05,6
84a8103ffffffff-2023-06,9
84a8103ffffffff-2023-07,11
84a8103ffffffff-2023-08,12
84a8103ffffffff-2023-09,44
84a8103ffffffff-2023-10,18
84a8103ffffffff-2023-11,13
84a8105ffffffff-2014-05,3
84a8105ffffffff-2015-06,1
84a8105ffffffff-2015-11,1
84a8105ffffffff-2016-02,1
84a8105ffffffff-2016-04,1
84a8105ffffffff-2016-07,1
84a8105ffffffff-2017-03,1
84a8105ffffffff-2017-04,1
84a8105ffffffff-2017-07,1
84a8105ffffffff-2017-08,1
84a8105ffffffff-2017-10,2
84a8105ffffffff-2017-11,1
84a8105ffffffff-2017-12,3
84a8105ffffffff-2018-01,2
84a8105ffffffff-2018-02,4
84a8105ffffffff-2018-03,7
84a8105ffffffff-2018-04,8
84a8105ffffffff-2018-05,7
84a8105ffffffff-2018-06,3
84a8105ffffffff-2018-07,18
84a8105ffffffff-2018-08,10
84a8105ffffffff-2018-09,7
84a8105ffffffff-2018-10,26
84a8105ffffffff-2018-11,12
84a8105ffffffff-2018-12,13
84a8105ffffffff-2019-01,6
84a8105ffffffff-2019-03,9
84a8105ffffffff-2019-04,3
84a8105ffffffff-2019-06,5
84a8105ffffffff-2019-07,9
84a8105ffffffff-2019-08,1
84a8105ffffffff-2019-09,2
84a8105ffffffff-2019-10,8
84a8105ffffffff-2019-11,1
84a8105ffffffff-2019-12,1
84a8105ffffffff-2020-01,2
84a8105ffffffff-2020-02,4
84a8105ffffffff-2020-03,17
84a8105ffffffff-2020-04,3
84a8105ffffffff-2020-05,2
84a8105ffffffff-2020-07,2
84a8105ffffffff-2020-08,29
84a8105ffffffff-2020-09,17
84a8105ffffffff-2020-10,7
84a8105ffffffff-2020-11,4
84a8105ffffffff-2020-12,12
84a8105ffffffff-2021-01,9
84a8105ffffffff-2021-02,15
84a8105ffffffff-2021-03,3
84a8105ffffffff-2021-04,10
84a8105ffffffff-2021-05,14
84a8105ffffffff-2021-06,19
84a8105ffffffff-2021-07,11
84a8105ffffffff-2021-08,6
84a8105ffffffff-2021-09,17
84a8105ffffffff-2021-10,6
84a8105ffffffff-2021-11,11
84a8105ffffffff-2021-12,6
84a8105ffffffff-2022-01,12
84a8105ffffffff-2022-02,7
84a8105ffffffff-2022-03,6
84a8105ffffffff-2022-04,10
84a8105ffffffff-2022-05,9
84a8105ffffffff-2022-06,23
84a8105ffffffff-2022-07,22
84a8105ffffffff-2022-08,17
84a8105ffffffff-2022-09,4
84a8105ffffffff-2022-10,20
84a8105ffffffff-2022-11,12
84a8105ffffffff-2022-12,25
84a8105ffffffff-2023-01,33
84a8105ffffffff-2023-02,21
84a8105ffffffff-2023-03,9
84a8105ffffffff-2023-04,15
84a8105ffffffff-2023-05,34
84a8105ffffffff-2023-06,10
84a8105ffffffff-2023-07,31
84a8105ffffffff-2023-08,16
84a8105ffffffff-2023-09,23
84a8105ffffffff-2023-10,28
84a8105ffffffff-2023-11,22
84a8107ffffffff-2012-06,1
84a8107ffffffff-2012-07,1
84a8107ffffffff-2013-06,2
84a8107ffffffff-2013-08,5
84a8107ffffffff-2013-11,1
84a8107ffffffff-2014-01,1
84a8107ffffffff-2014-05,3
84a8107ffffffff-2014-06,1
84a8107ffffffff-2014-09,2
84a8107ffffffff-2014-10,5
84a8107ffffffff-2014-11,1
84a8107ffffffff-2014-12,1
84a8107ffffffff-2015-02,4
84a8107ffffffff-2015-03,1
84a8107ffffffff-2015-04,1
84a8107ffffffff-2015-05,7
84a8107ffffffff-2015-06,6
84a8107ffffffff-2015-08,8
84a8107ffffffff-2015-09,2
84a8107ffffffff-2015-10,6
84a8107ffffffff-2016-03,11
84a8107ffffffff-2016-04,4
84a8107ffffffff-2016-05,7
84a8107ffffffff-2016-08,1
84a8107ffffffff-2016-09,6
84a8107ffffffff-2016-10,4
84a8107ffffffff-2016-12,1
84a8107ffffffff-2017-01,13
84a8107ffffffff-2017-02,14
84a8107ffffffff-2017-03,3
84a8107ffffffff-2017-04,3
84a8107ffffffff-2017-05,9
84a8107ffffffff-2017-07,10
84a8107ffffffff-2017-08,1
84a8107ffffffff-2017-09,2
84a8107ffffffff-2017-10,3
84a8107ffffffff-2017-11,2
84a8107ffffffff-2018-02,3
84a8107ffffffff-2018-03,3
84a8107ffffffff-2018-04,6
84a8107ffffffff-2018-05,9
84a8107ffffffff-2018-06,4
84a8107ffffffff-2018-07,5
84a8107ffffffff-2018-08,13
84a8107ffffffff-2018-09,4
84a8107ffffffff-2018-10,12
84a8107ffffffff-2018-11,8
84a8107ffffffff-2018-12,10
84a8107ffffffff-2019-01,11
84a8107ffffffff-2019-03,3
84a8107ffffffff-2019-04,8
84a8107ffffffff-2019-05,3
84a8107ffffffff-2019-06,8
84a8107ffffffff-2019-07,11
84a8107ffffffff-2019-08,5
84a8107ffffffff-2019-09,6
84a8107ffffffff-2019-10,9
84a8107ffffffff-2019-11,5
84a8107ffffffff-2019-12,5
84a8107ffffffff-2020-01,8
84a8107ffffffff-2020-02,9
84a8107ffffffff-2020-03,1
84a8107ffffffff-2020-04,2
84a8107ffffffff-2020-05,6
84a8107ffffffff-2020-06,3
84a8107ffffffff-2020-07,14
84a8107ffffffff-2020-08,13
84a8107ffffffff-2020-09,8
84a8107ffffffff-2020-10,10
84a8107ffffffff-2020-11,9
84a8107ffffffff-2020-12,11
84a8107ffffffff-2021-01,10
84a8107ffffffff-2021-02,11
84a8107ffffffff-2021-03,16
84a8107ffffffff-2021-04,8
84a8107ffffffff-2021-05,14
84a8107ffffffff-2021-06,14
84a8107ffffffff-2021-07,14
84a8107ffffffff-2021-08,7
84a8107ffffffff-2021-09,6
84a8107ffffffff-2021-10,18
84a8107ffffffff-2021-11,15
84a8107ffffffff-2021-12,9
84a8107ffffffff-2022-01,11
84a8107ffffffff-2022-02,15
84a8107ffffffff-2022-03,9
84a8107ffffffff-2022-04,14
84a8107ffffffff-2022-05,10
84a8107ffffffff-2022-06,15
84a8107ffffffff-2022-07,24
84a8107ffffffff-2022-08,19
84a8107ffffffff-2022-09,18
84a8107ffffffff-2022-10,38
84a8107ffffffff-2022-11,16
84a8107ffffffff-2022-12,4
84a8107ffffffff-2023-01,2
84a8107ffffffff-2023-02,5
84a8107ffffffff-2023-03,1
84a8107ffffffff-2023-04,4
84a8107ffffffff-2023-05,12
84a8107ffffffff-2023-06,8
84a8107ffffffff-2023-07,14
84a8107ffffffff-2023-08,31
84a8107ffffffff-2023-09,31
84a8107ffffffff-2023-10,25
84a8107ffffffff-2023-11,10
84a8109ffffffff-2013-12,1
84a8109ffffffff-2016-01,1
84a8109ffffffff-2016-08,2
84a8109ffffffff-2017-01,1
84a8109ffffffff-2017-06,1
84a8109ffffffff-2017-07,1
84a8109ffffffff-2017-08,2
84a8109ffffffff-2018-05,2
84a8109ffffffff-2018-06,3
84a8109ffffffff-2018-09,2
84a8109ffffffff-2019-02,1
84a8109ffffffff-2019-04,2
84a8109ffffffff-2019-05,1
84a8109ffffffff-2019-10,2
84a8109ffffffff-2019-11,8
84a8109ffffffff-2019-12,5
84a8109ffffffff-2020-01,1
84a8109ffffffff-2020-02,2
84a8109ffffffff-2020-03,10
84a8109ffffffff-2020-04,14
84a8109ffffffff-2020-05,8
84a8109ffffffff-2020-06,1
84a8109ffffffff-2020-07,3
84a8109ffffffff-2020-08,5
84a8109ffffffff-2020-09,3
84a8109ffffffff-2021-02,1
84a8109ffffffff-2021-03,1
84a8109ffffffff-2021-04,7
84a8109ffffffff-2021-05,4
84a8109ffffffff-2021-06,5
84a8109ffffffff-2021-07,4
84a8109ffffffff-2021-08,3
84a8109ffffffff-2021-10,2
84a8109ffffffff-2021-12,1
84a8109ffffffff-2022-02,2
84a8109ffffffff-2022-04,1
84a8109ffffffff-2022-05,3
84a8109ffffffff-2022-06,5
84a8109ffffffff-2022-07,2
84a8109ffffffff-2022-08,2
84a8109ffffffff-2022-09,2
84a8109ffffffff-2022-10,3
84a8109ffffffff-2023-01,2
84a8109ffffffff-2023-04,7
84a8109ffffffff-2023-05,15
84a8109ffffffff-2023-06,5
84a8109ffffffff-2023-07,4
84a8109ffffffff-2023-08,3
84a8109ffffffff-2023-09,4
84a8109ffffffff-2023-10,3
84a8109ffffffff-2023-11,2
84a810bffffffff-2015-06,1
84a810bffffffff-2016-05,2
84a810bffffffff-2016-08,1
84a810bffffffff-2016-10,1
84a810bffffffff-2017-04,2
84a810bffffffff-2017-05,1
84a810bffffffff-2017-07,1
84a810bffffffff-2017-12,1
84a810bffffffff-2018-01,4
84a810bffffffff-2018-02,2
84a810bffffffff-2018-03,7
84a810bffffffff-2018-05,2
84a810bffffffff-2018-06,3
84a810bffffffff-2018-09,2
84a810bffffffff-2018-10,5
84a810bffffffff-2018-12,1
84a810bffffffff-2019-07,2
84a810bffffffff-2019-09,1
84a810bffffffff-2019-10,8
84a810bffffffff-2019-11,1
84a810bffffffff-2019-12,1
84a810bffffffff-2020-01,13
84a810bffffffff-2020-02,1
84a810bffffffff-2020-03,5
84a810bffffffff-2020-04,2
84a810bffffffff-2020-05,6
84a810bffffffff-2020-06,5
84a810bffffffff-2020-07,3
84a810bffffffff-2020-08,18
84a810bffffffff-2020-09,14
84a810bffffffff-2020-10,20
84a810bffffffff-2020-12,3
84a810bffffffff-2021-01,2
84a810bffffffff-2021-02,2
84a810bffffffff-2021-03,4
84a810bffffffff-2021-04,1
84a810bffffffff-2021-05,1
84a810bffffffff-2021-06,3
84a810bffffffff-2021-07,1
84a810bffffffff-2021-08,2
84a810bffffffff-2021-09,3
84a810bffffffff-2021-10,5
84a810bffffffff-2021-11,4
84a810bffffffff-2021-12,4
84a810bffffffff-2022-01,2
84a810bffffffff-2022-02,4
84a810bffffffff-2022-03,5
84a810bffffffff-2022-04,4
84a810bffffffff-2022-05,9
84a810bffffffff-2022-06,3
84a810bffffffff-2022-07,3
84a810bffffffff-2022-08,7
84a810bffffffff-2022-09,6
84a810bffffffff-2022-10,15
84a810bffffffff-2022-11,1
84a810bffffffff-2022-12,2
84a810bffffffff-2023-01,1
84a810bffffffff-2023-02,2
84a810bffffffff-2023-03,14
84a810bffffffff-2023-04,3
84a810bffffffff-2023-05,12
84a810bffffffff-2023-06,16
84a810bffffffff-2023-07,6
84a810bffffffff-2023-08,7
84a810bffffffff-2023-09,5
84a810bffffffff-2023-10,2
84a810bffffffff-2023-11,4
84a810dffffffff-2013-02,1
84a810dffffffff-2014-10,1
84a810dffffffff-2015-06,2
84a810dffffffff-2017-05,1
84a810dffffffff-2018-11,1
84a810dffffffff-2020-08,1
84a810dffffffff-2020-10,1
84a810dffffffff-2020-12,1
84a810dffffffff-2021-02,3
84a810dffffffff-2021-05,1
84a810dffffffff-2021-07,4
84a810dffffffff-2021-08,1
84a810dffffffff-2021-10,1
84a810dffffffff-2021-12,2
84a810dffffffff-2022-01,2
84a810dffffffff-2022-06,2
84a810dffffffff-2022-08,6
84a810dffffffff-2022-09,8
84a810dffffffff-2022-10,7
84a810dffffffff-2022-11,2
84a810dffffffff-2022-12,3
84a810dffffffff-2023-01,8
84a810dffffffff-2023-02,2
84a810dffffffff-2023-03,10
84a810dffffffff-2023-04,6
84a810dffffffff-2023-05,6
84a810dffffffff-2023-06,6
84a810dffffffff-2023-07,2
84a810dffffffff-2023-08,6
84a810dffffffff-2023-09,15
84a810dffffffff-2023-10,8
84a810dffffffff-2023-11,11
84a8111ffffffff-2018-09,1
84a8111ffffffff-2020-09,1
84a8111ffffffff-2020-10,1
84a8111ffffffff-2022-09,1
84a8111ffffffff-2022-10,2
84a8111ffffffff-2023-07,1
84a8111ffffffff-2023-10,1
84a8113ffffffff-2016-10,1
84a8113ffffffff-2023-05,1
84a8115ffffffff-2015-10,1
84a8115ffffffff-2017-07,1
84a8115ffffffff-2018-07,2
84a8115ffffffff-2018-10,2
84a8115ffffffff-2018-11,1
84a8115ffffffff-2019-07,4
84a8115ffffffff-2019-09,1
84a8115ffffffff-2019-10,3
84a8115ffffffff-2019-11,1
84a8115ffffffff-2020-04,2
84a8115ffffffff-2020-05,5
84a8115ffffffff-2020-06,2
84a8115ffffffff-2020-07,8
84a8115ffffffff-2020-08,5
84a8115ffffffff-2020-09,1
84a8115ffffffff-2020-10,5
84a8115ffffffff-2021-02,1
84a8115ffffffff-2021-04,6
84a8115ffffffff-2021-05,3
84a8115ffffffff-2021-06,1
84a8115ffffffff-2021-07,4
84a8115ffffffff-2021-08,6
84a8115ffffffff-2021-09,4
84a8115ffffffff-2021-10,4
84a8115ffffffff-2021-11,1
84a8115ffffffff-2021-12,2
84a8115ffffffff-2022-02,2
84a8115ffffffff-2022-03,1
84a8115ffffffff-2022-04,6
84a8115ffffffff-2022-05,7
84a8115ffffffff-2022-07,3
84a8115ffffffff-2022-08,1
84a8115ffffffff-2022-09,2
84a8115ffffffff-2022-10,2
84a8115ffffffff-2022-12,2
84a8115ffffffff-2023-02,2
84a8115ffffffff-2023-05,5
84a8115ffffffff-2023-06,1
84a8115ffffffff-2023-07,3
84a8115ffffffff-2023-08,2
84a8115ffffffff-2023-09,2
84a8115ffffffff-2023-10,6
84a8115ffffffff-2023-11,4
84a8117ffffffff-2019-12,1
84a8117ffffffff-2020-02,2
84a8117ffffffff-2020-12,1
84a8119ffffffff-2017-06,1
84a8119ffffffff-2017-10,1
84a8119ffffffff-2019-02,1
84a8119ffffffff-2019-09,2
84a8119ffffffff-2020-01,1
84a8119ffffffff-2021-07,1
84a8119ffffffff-2021-09,1
84a8119ffffffff-2021-10,1
84a8119ffffffff-2022-07,1
84a8119ffffffff-2022-10,2
84a8119ffffffff-2023-02,1
84a8119ffffffff-2023-09,2
84a811bffffffff-2016-05,1
84a811bffffffff-2017-09,1
84a811bffffffff-2020-06,1
84a811bffffffff-2020-09,1
84a811bffffffff-2020-11,1
84a811bffffffff-2021-09,2
84a811bffffffff-2021-10,1
84a811bffffffff-2022-06,1
84a811bffffffff-2023-01,1
84a811bffffffff-2023-04,1
84a811bffffffff-2023-09,1
84a811bffffffff-2023-10,2
84a811dffffffff-2014-12,1
84a811dffffffff-2017-09,1
84a811dffffffff-2018-01,1
84a811dffffffff-2018-04,2
84a811dffffffff-2018-10,1
84a811dffffffff-2018-12,2
84a811dffffffff-2019-02,1
84a811dffffffff-2019-03,1
84a811dffffffff-2019-09,2
84a811dffffffff-2019-10,3
84a811dffffffff-2019-11,4
84a811dffffffff-2020-01,1
84a811dffffffff-2020-04,3
84a811dffffffff-2020-05,1
84a811dffffffff-2020-06,2
84a811dffffffff-2020-07,3
84a811dffffffff-2020-08,12
84a811dffffffff-2020-09,4
84a811dffffffff-2020-10,2
84a811dffffffff-2020-11,2
84a811dffffffff-2020-12,2
84a811dffffffff-2021-01,1
84a811dffffffff-2021-02,1
84a811dffffffff-2021-03,3
84a811dffffffff-2021-04,4
84a811dffffffff-2021-05,8
84a811dffffffff-2021-06,2
84a811dffffffff-2021-07,3
84a811dffffffff-2021-08,1
84a811dffffffff-2021-09,2
84a811dffffffff-2021-10,1
84a811dffffffff-2021-11,4
84a811dffffffff-2021-12,1
84a811dffffffff-2022-01,2
84a811dffffffff-2022-02,1
84a811dffffffff-2022-03,3
84a811dffffffff-2022-04,3
84a811dffffffff-2022-05,2
84a811dffffffff-2022-06,1
84a811dffffffff-2022-07,1
84a811dffffffff-2022-08,3
84a811dffffffff-2022-10,1
84a811dffffffff-2022-11,2
84a811dffffffff-2022-12,7
84a811dffffffff-2023-01,1
84a811dffffffff-2023-02,2
84a811dffffffff-2023-03,1
84a811dffffffff-2023-04,1
84a811dffffffff-2023-05,5
84a811dffffffff-2023-06,2
84a811dffffffff-2023-07,2
84a811dffffffff-2023-08,4
84a811dffffffff-2023-09,2
84a811dffffffff-2023-11,5
84a8121ffffffff-2016-07,2
84a8121ffffffff-2016-08,2
84a8121ffffffff-2017-04,1
84a8121ffffffff-2017-05,3
84a8121ffffffff-2017-09,4
84a8121ffffffff-2018-05,1
84a8121ffffffff-2018-06,2
84a8121ffffffff-2018-09,1
84a8121ffffffff-2018-12,1
84a8121ffffffff-2019-05,1
84a8121ffffffff-2019-07,1
84a8121ffffffff-2019-09,3
84a8121ffffffff-2019-11,1
84a8121ffffffff-2019-12,1
84a8121ffffffff-2020-02,1
84a8121ffffffff-2020-04,1
84a8121ffffffff-2020-06,2
84a8121ffffffff-2020-07,1
84a8121ffffffff-2020-12,1
84a8121ffffffff-2021-01,1
84a8121ffffffff-2021-02,1
84a8121ffffffff-2021-03,3
84a8121ffffffff-2021-05,3
84a8121ffffffff-2021-08,2
84a8121ffffffff-2021-10,1
84a8121ffffffff-2021-12,2
84a8121ffffffff-2022-01,4
84a8121ffffffff-2022-03,3
84a8121ffffffff-2022-05,2
84a8121ffffffff-2022-06,1
84a8121ffffffff-2022-12,2
84a8121ffffffff-2023-01,3
84a8121ffffffff-2023-02,1
84a8121ffffffff-2023-03,2
84a8121ffffffff-2023-06,2
84a8121ffffffff-2023-07,2
84a8121ffffffff-2023-09,3
84a8121ffffffff-2023-10,5
84a8123ffffffff-2012-05,1
84a8123ffffffff-2012-06,1
84a8123ffffffff-2012-08,1
84a8123ffffffff-2012-09,1
84a8123ffffffff-2013-01,1
84a8123ffffffff-2013-02,2
84a8123ffffffff-2013-07,1
84a8123ffffffff-2013-08,1
84a8123ffffffff-2013-10,1
84a8123ffffffff-2014-03,1
84a8123ffffffff-2014-06,1
84a8123ffffffff-2014-09,1
84a8123ffffffff-2014-10,2
84a8123ffffffff-2015-04,1
84a8123ffffffff-2015-05,4
84a8123ffffffff-2015-07,1
84a8123ffffffff-2015-08,1
84a8123ffffffff-2015-10,3
84a8123ffffffff-2015-11,2
84a8123ffffffff-2015-12,4
84a8123ffffffff-2016-01,1
84a8123ffffffff-2016-05,1
84a8123ffffffff-2016-06,3
84a8123ffffffff-2016-07,7
84a8123ffffffff-2016-08,2
84a8123ffffffff-2016-09,5
84a8123ffffffff-2016-10,6
84a8123ffffffff-2016-11,2
84a8123ffffffff-2017-01,4
84a8123ffffffff-2017-02,1
84a8123ffffffff-2017-03,2
84a8123ffffffff-2017-05,6
84a8123ffffffff-2017-06,1
84a8123ffffffff-2017-07,12
84a8123ffffffff-2017-08,5
84a8123ffffffff-2017-09,3
84a8123ffffffff-2017-10,6
84a8123ffffffff-2017-12,7
84a8123ffffffff-2018-01,2
84a8123ffffffff-2018-02,5
84a8123ffffffff-2018-03,10
84a8123ffffffff-2018-04,10
84a8123ffffffff-2018-05,17
84a8123ffffffff-2018-06,16
84a8123ffffffff-2018-07,16
84a8123ffffffff-2018-08,10
84a8123ffffffff-2018-09,18
84a8123ffffffff-2018-10,22
84a8123ffffffff-2018-11,17
84a8123ffffffff-2018-12,11
84a8123ffffffff-2019-01,5
84a8123ffffffff-2019-02,12
84a8123ffffffff-2019-03,10
84a8123ffffffff-2019-04,7
84a8123ffffffff-2019-05,16
84a8123ffffffff-2019-06,9
84a8123ffffffff-2019-07,12
84a8123ffffffff-2019-08,11
84a8123ffffffff-2019-09,8
84a8123ffffffff-2019-10,14
84a8123ffffffff-2019-11,6
84a8123ffffffff-2019-12,16
84a8123ffffffff-2020-01,7
84a8123ffffffff-2020-02,11
84a8123ffffffff-2020-03,21
84a8123ffffffff-2020-04,7
84a8123ffffffff-2020-05,24
84a8123ffffffff-2020-06,22
84a8123ffffffff-2020-07,23
84a8123ffffffff-2020-08,29
84a8123ffffffff-2020-09,28
84a8123ffffffff-2020-10,24
84a8123ffffffff-2020-11,29
84a8123ffffffff-2020-12,32
84a8123ffffffff-2021-01,21
84a8123ffffffff-2021-02,14
84a8123ffffffff-2021-03,11
84a8123ffffffff-2021-04,15
84a8123ffffffff-2021-05,13
84a8123ffffffff-2021-06,22
84a8123ffffffff-2021-07,21
84a8123ffffffff-2021-08,19
84a8123ffffffff-2021-09,30
84a8123ffffffff-2021-10,26
84a8123ffffffff-2021-11,27
84a8123ffffffff-2021-12,16
84a8123ffffffff-2022-01,18
84a8123ffffffff-2022-02,7
84a8123ffffffff-2022-03,14
84a8123ffffffff-2022-04,26
84a8123ffffffff-2022-05,16
84a8123ffffffff-2022-06,27
84a8123ffffffff-2022-07,38
84a8123ffffffff-2022-08,36
84a8123ffffffff-2022-09,34
84a8123ffffffff-2022-10,69
84a8123ffffffff-2022-11,17
84a8123ffffffff-2022-12,33
84a8123ffffffff-2023-01,20
84a8123ffffffff-2023-02,39
84a8123ffffffff-2023-03,32
84a8123ffffffff-2023-04,27
84a8123ffffffff-2023-05,40
84a8123ffffffff-2023-06,40
84a8123ffffffff-2023-07,46
84a8123ffffffff-2023-08,18
84a8123ffffffff-2023-09,19
84a8123ffffffff-2023-10,28
84a8123ffffffff-2023-11,12
84a8125ffffffff-2014-04,1
84a8125ffffffff-2014-05,2
84a8125ffffffff-2015-05,1
84a8125ffffffff-2015-06,6
84a8125ffffffff-2015-07,1
84a8125ffffffff-2015-11,4
84a8125ffffffff-2016-03,1
84a8125ffffffff-2016-04,1
84a8125ffffffff-2016-05,3
84a8125ffffffff-2016-07,1
84a8125ffffffff-2016-10,1
84a8125ffffffff-2017-02,1
84a8125ffffffff-2017-04,1
84a8125ffffffff-2017-06,1
84a8125ffffffff-2017-07,4
84a8125ffffffff-2017-10,1
84a8125ffffffff-2017-11,2
84a8125ffffffff-2018-05,1
84a8125ffffffff-2018-08,1
84a8125ffffffff-2018-09,2
84a8125ffffffff-2018-10,5
84a8125ffffffff-2019-04,2
84a8125ffffffff-2019-09,1
84a8125ffffffff-2019-10,1
84a8125ffffffff-2019-11,2
84a8125ffffffff-2020-01,2
84a8125ffffffff-2020-02,5
84a8125ffffffff-2020-03,3
84a8125ffffffff-2020-05,2
84a8125ffffffff-2020-06,1
84a8125ffffffff-2020-07,1
84a8125ffffffff-2020-08,4
84a8125ffffffff-2020-09,4
84a8125ffffffff-2020-10,1
84a8125ffffffff-2021-01,1
84a8125ffffffff-2021-03,1
84a8125ffffffff-2021-04,2
84a8125ffffffff-2021-05,1
84a8125ffffffff-2021-06,1
84a8125ffffffff-2021-07,2
84a8125ffffffff-2021-08,8
84a8125ffffffff-2021-09,4
84a8125ffffffff-2021-10,3
84a8125ffffffff-2021-11,1
84a8125ffffffff-2022-01,5
84a8125ffffffff-2022-02,4
84a8125ffffffff-2022-03,3
84a8125ffffffff-2022-04,7
84a8125ffffffff-2022-05,4
84a8125ffffffff-2022-06,1
84a8125ffffffff-2022-08,5
84a8125ffffffff-2022-09,1
84a8125ffffffff-2022-10,1
84a8125ffffffff-2022-11,4
84a8125ffffffff-2022-12,1
84a8125ffffffff-2023-01,1
84a8125ffffffff-2023-02,1
84a8125ffffffff-2023-03,3
84a8125ffffffff-2023-04,2
84a8125ffffffff-2023-05,6
84a8125ffffffff-2023-06,3
84a8125ffffffff-2023-07,2
84a8125ffffffff-2023-09,7
84a8125ffffffff-2023-10,6
84a8127ffffffff-2013-06,1
84a8127ffffffff-2013-07,1
84a8127ffffffff-2014-03,2
84a8127ffffffff-2015-05,6
84a8127ffffffff-2015-06,1
84a8127ffffffff-2015-07,1
84a8127ffffffff-2015-08,2
84a8127ffffffff-2015-10,1
84a8127ffffffff-2015-11,1
84a8127ffffffff-2016-01,1
84a8127ffffffff-2016-02,2
84a8127ffffffff-2016-03,2
84a8127ffffffff-2016-04,1
84a8127ffffffff-2016-05,2
84a8127ffffffff-2016-07,4
84a8127ffffffff-2016-08,1
84a8127ffffffff-2016-09,1
84a8127ffffffff-2016-10,14
84a8127ffffffff-2016-11,2
84a8127ffffffff-2016-12,2
84a8127ffffffff-2017-03,9
84a8127ffffffff-2017-05,4
84a8127ffffffff-2017-06,6
84a8127ffffffff-2017-07,10
84a8127ffffffff-2017-08,4
84a8127ffffffff-2017-09,6
84a8127ffffffff-2017-11,7
84a8127ffffffff-2018-01,5
84a8127ffffffff-2018-02,1
84a8127ffffffff-2018-04,6
84a8127ffffffff-2018-05,3
84a8127ffffffff-2018-07,1
84a8127ffffffff-2018-09,1
84a8127ffffffff-2018-10,6
84a8127ffffffff-2018-11,1
84a8127ffffffff-2018-12,3
84a8127ffffffff-2019-01,3
84a8127ffffffff-2019-02,1
84a8127ffffffff-2019-04,4
84a8127ffffffff-2019-05,14
84a8127ffffffff-2019-06,3
84a8127ffffffff-2019-07,15
84a8127ffffffff-2019-08,6
84a8127ffffffff-2019-09,15
84a8127ffffffff-2019-10,27
84a8127ffffffff-2019-11,10
84a8127ffffffff-2019-12,2
84a8127ffffffff-2020-01,1
84a8127ffffffff-2020-02,4
84a8127ffffffff-2020-03,8
84a8127ffffffff-2020-04,1
84a8127ffffffff-2020-05,13
84a8127ffffffff-2020-06,6
84a8127ffffffff-2020-07,10
84a8127ffffffff-2020-08,7
84a8127ffffffff-2020-09,22
84a8127ffffffff-2020-10,19
84a8127ffffffff-2020-11,19
84a8127ffffffff-2020-12,13
84a8127ffffffff-2021-01,17
84a8127ffffffff-2021-02,15
84a8127ffffffff-2021-03,9
84a8127ffffffff-2021-04,11
84a8127ffffffff-2021-05,3
84a8127ffffffff-2021-06,9
84a8127ffffffff-2021-07,3
84a8127ffffffff-2021-08,24
84a8127ffffffff-2021-09,7
84a8127ffffffff-2021-10,13
84a8127ffffffff-2021-11,9
84a8127ffffffff-2021-12,4
84a8127ffffffff-2022-02,4
84a8127ffffffff-2022-03,11
84a8127ffffffff-2022-04,2
84a8127ffffffff-2022-05,11
84a8127ffffffff-2022-06,2
84a8127ffffffff-2022-07,9
84a8127ffffffff-2022-08,9
84a8127ffffffff-2022-09,5
84a8127ffffffff-2022-10,10
84a8127ffffffff-2022-11,13
84a8127ffffffff-2022-12,6
84a8127ffffffff-2023-02,4
84a8127ffffffff-2023-03,16
84a8127ffffffff-2023-04,3
84a8127ffffffff-2023-05,9
84a8127ffffffff-2023-06,5
84a8127ffffffff-2023-07,16
84a8127ffffffff-2023-08,7
84a8127ffffffff-2023-09,15
84a8127ffffffff-2023-10,27
84a8127ffffffff-2023-11,2
84a8129ffffffff-2015-03,1
84a8129ffffffff-2017-05,3
84a8129ffffffff-2017-09,1
84a8129ffffffff-2017-10,1
84a8129ffffffff-2017-11,2
84a8129ffffffff-2018-03,1
84a8129ffffffff-2018-07,1
84a8129ffffffff-2018-10,1
84a8129ffffffff-2018-12,1
84a8129ffffffff-2019-05,2
84a8129ffffffff-2019-06,1
84a8129ffffffff-2019-09,1
84a8129ffffffff-2020-05,1
84a8129ffffffff-2020-06,1
84a8129ffffffff-2020-07,7
84a8129ffffffff-2020-08,1
84a8129ffffffff-2020-09,1
84a8129ffffffff-2021-07,2
84a8129ffffffff-2021-10,2
84a8129ffffffff-2021-11,1
84a8129ffffffff-2021-12,1
84a8129ffffffff-2022-01,2
84a8129ffffffff-2022-02,2
84a8129ffffffff-2022-03,2
84a8129ffffffff-2022-04,5
84a8129ffffffff-2022-05,3
84a8129ffffffff-2022-06,2
84a8129ffffffff-2022-07,2
84a8129ffffffff-2022-08,1
84a8129ffffffff-2022-09,1
84a8129ffffffff-2022-10,5
84a8129ffffffff-2022-11,4
84a8129ffffffff-2022-12,1
84a8129ffffffff-2023-01,1
84a8129ffffffff-2023-04,2
84a8129ffffffff-2023-05,1
84a8129ffffffff-2023-06,6
84a8129ffffffff-2023-07,2
84a8129ffffffff-2023-08,6
84a8129ffffffff-2023-09,8
84a8129ffffffff-2023-11,1
84a812bffffffff-2012-03,1
84a812bffffffff-2012-08,1
84a812bffffffff-2014-01,1
84a812bffffffff-2014-12,2
84a812bffffffff-2015-06,1
84a812bffffffff-2015-07,1
84a812bffffffff-2016-07,1
84a812bffffffff-2016-10,2
84a812bffffffff-2016-12,1
84a812bffffffff-2017-01,1
84a812bffffffff-2017-03,1
84a812bffffffff-2017-05,2
84a812bffffffff-2017-06,2
84a812bffffffff-2017-07,1
84a812bffffffff-2017-11,3
84a812bffffffff-2017-12,1
84a812bffffffff-2018-01,1
84a812bffffffff-2018-02,3
84a812bffffffff-2018-03,1
84a812bffffffff-2018-04,4
84a812bffffffff-2018-05,1
84a812bffffffff-2018-06,4
84a812bffffffff-2018-07,6
84a812bffffffff-2018-08,5
84a812bffffffff-2018-09,7
84a812bffffffff-2018-10,2
84a812bffffffff-2018-11,5
84a812bffffffff-2018-12,9
84a812bffffffff-2019-01,3
84a812bffffffff-2019-02,1
84a812bffffffff-2019-03,2
84a812bffffffff-2019-04,3
84a812bffffffff-2019-05,5
84a812bffffffff-2019-06,8
84a812bffffffff-2019-07,6
84a812bffffffff-2019-08,4
84a812bffffffff-2019-09,7
84a812bffffffff-2019-10,7
84a812bffffffff-2019-11,7
84a812bffffffff-2019-12,2
84a812bffffffff-2020-01,7
84a812bffffffff-2020-02,1
84a812bffffffff-2020-03,5
84a812bffffffff-2020-04,3
84a812bffffffff-2020-05,5
84a812bffffffff-2020-06,5
84a812bffffffff-2020-07,14
84a812bffffffff-2020-08,11
84a812bffffffff-2020-09,21
84a812bffffffff-2020-10,18
84a812bffffffff-2020-11,8
84a812bffffffff-2020-12,3
84a812bffffffff-2021-01,6
84a812bffffffff-2021-02,1
84a812bffffffff-2021-03,2
84a812bffffffff-2021-04,2
84a812bffffffff-2021-05,5
84a812bffffffff-2021-06,10
84a812bffffffff-2021-07,5
84a812bffffffff-2021-08,6
84a812bffffffff-2021-09,16
84a812bffffffff-2021-10,12
84a812bffffffff-2021-11,6
84a812bffffffff-2021-12,15
84a812bffffffff-2022-01,2
84a812bffffffff-2022-02,3
84a812bffffffff-2022-03,6
84a812bffffffff-2022-04,15
84a812bffffffff-2022-05,5
84a812bffffffff-2022-06,8
84a812bffffffff-2022-07,9
84a812bffffffff-2022-08,5
84a812bffffffff-2022-09,10
84a812bffffffff-2022-10,10
84a812bffffffff-2022-11,19
84a812bffffffff-2022-12,6
84a812bffffffff-2023-01,6
84a812bffffffff-2023-02,6
84a812bffffffff-2023-03,9
84a812bffffffff-2023-04,7
84a812bffffffff-2023-05,10
84a812bffffffff-2023-06,22
84a812bffffffff-2023-07,17
84a812bffffffff-2023-08,8
84a812bffffffff-2023-09,15
84a812bffffffff-2023-10,12
84a812bffffffff-2023-11,9
84a812dffffffff-2012-07,1
84a812dffffffff-2012-10,1
84a812dffffffff-2012-12,2
84a812dffffffff-2013-03,1
84a812dffffffff-2013-05,1
84a812dffffffff-2013-07,1
84a812dffffffff-2013-09,4
84a812dffffffff-2013-10,1
84a812dffffffff-2013-11,2
84a812dffffffff-2014-01,3
84a812dffffffff-2014-02,1
84a812dffffffff-2014-03,1
84a812dffffffff-2014-05,5
84a812dffffffff-2014-06,2
84a812dffffffff-2014-07,4
84a812dffffffff-2014-08,1
84a812dffffffff-2014-09,3
84a812dffffffff-2014-10,6
84a812dffffffff-2014-11,3
84a812dffffffff-2014-12,1
84a812dffffffff-2015-01,1
84a812dffffffff-2015-02,1
84a812dffffffff-2015-04,2
84a812dffffffff-2015-05,7
84a812dffffffff-2015-06,16
84a812dffffffff-2015-07,5
84a812dffffffff-2015-08,2
84a812dffffffff-2015-09,2
84a812dffffffff-2015-10,8
84a812dffffffff-2015-11,4
84a812dffffffff-2015-12,2
84a812dffffffff-2016-01,3
84a812dffffffff-2016-04,1
84a812dffffffff-2016-05,4
84a812dffffffff-2016-06,4
84a812dffffffff-2016-07,1
84a812dffffffff-2016-10,3
84a812dffffffff-2016-12,1
84a812dffffffff-2017-01,1
84a812dffffffff-2017-02,4
84a812dffffffff-2017-04,1
84a812dffffffff-2017-05,4
84a812dffffffff-2017-06,6
84a812dffffffff-2017-07,8
84a812dffffffff-2017-08,4
84a812dffffffff-2017-09,5
84a812dffffffff-2017-10,2
84a812dffffffff-2017-11,2
84a812dffffffff-2017-12,2
84a812dffffffff-2018-01,2
84a812dffffffff-2018-02,3
84a812dffffffff-2018-03,1
84a812dffffffff-2018-04,3
84a812dffffffff-2018-05,3
84a812dffffffff-2018-06,4
84a812dffffffff-2018-07,3
84a812dffffffff-2018-08,2
84a812dffffffff-2018-09,4
84a812dffffffff-2018-10,5
84a812dffffffff-2018-11,8
84a812dffffffff-2018-12,3
84a812dffffffff-2019-01,7
84a812dffffffff-2019-02,1
84a812dffffffff-2019-05,3
84a812dffffffff-2019-06,7
84a812dffffffff-2019-07,6
84a812dffffffff-2019-08,7
84a812dffffffff-2019-09,7
84a812dffffffff-2019-10,10
84a812dffffffff-2019-11,3
84a812dffffffff-2019-12,3
84a812dffffffff-2020-01,4
84a812dffffffff-2020-02,4
84a812dffffffff-2020-03,1
84a812dffffffff-2020-04,5
84a812dffffffff-2020-05,13
84a812dffffffff-2020-06,10
84a812dffffffff-2020-07,10
84a812dffffffff-2020-08,7
84a812dffffffff-2020-09,16
84a812dffffffff-2020-10,7
84a812dffffffff-2020-11,5
84a812dffffffff-2020-12,5
84a812dffffffff-2021-01,8
84a812dffffffff-2021-02,5
84a812dffffffff-2021-03,7
84a812dffffffff-2021-04,5
84a812dffffffff-2021-05,7
84a812dffffffff-2021-06,9
84a812dffffffff-2021-07,10
84a812dffffffff-2021-08,13
84a812dffffffff-2021-09,18
84a812dffffffff-2021-10,11
84a812dffffffff-2021-11,5
84a812dffffffff-2021-12,3
84a812dffffffff-2022-01,9
84a812dffffffff-2022-02,5
84a812dffffffff-2022-03,5
84a812dffffffff-2022-04,2
84a812dffffffff-2022-05,8
84a812dffffffff-2022-06,1
84a812dffffffff-2022-07,8
84a812dffffffff-2022-08,6
84a812dffffffff-2022-09,9
84a812dffffffff-2022-10,17
84a812dffffffff-2022-11,10
84a812dffffffff-2022-12,1
84a812dffffffff-2023-01,12
84a812dffffffff-2023-02,14
84a812dffffffff-2023-03,10
84a812dffffffff-2023-04,13
84a812dffffffff-2023-05,14
84a812dffffffff-2023-06,7
84a812dffffffff-2023-07,8
84a812dffffffff-2023-08,6
84a812dffffffff-2023-09,3
84a812dffffffff-2023-10,2
84a812dffffffff-2023-11,6
84a8131ffffffff-2015-06,2
84a8131ffffffff-2015-11,1
84a8131ffffffff-2016-04,1
84a8131ffffffff-2016-05,4
84a8131ffffffff-2016-06,2
84a8131ffffffff-2016-08,2
84a8131ffffffff-2016-09,2
84a8131ffffffff-2016-10,1
84a8131ffffffff-2017-03,3
84a8131ffffffff-2017-05,3
84a8131ffffffff-2017-06,2
84a8131ffffffff-2017-07,3
84a8131ffffffff-2017-09,1
84a8131ffffffff-2017-12,1
84a8131ffffffff-2018-01,3
84a8131ffffffff-2018-03,1
84a8131ffffffff-2018-05,9
84a8131ffffffff-2018-07,4
84a8131ffffffff-2018-08,8
84a8131ffffffff-2018-09,3
84a8131ffffffff-2018-10,7
84a8131ffffffff-2018-11,2
84a8131ffffffff-2018-12,3
84a8131ffffffff-2019-01,1
84a8131ffffffff-2019-02,2
84a8131ffffffff-2019-03,6
84a8131ffffffff-2019-05,2
84a8131ffffffff-2019-06,6
84a8131ffffffff-2019-07,5
84a8131ffffffff-2019-08,2
84a8131ffffffff-2019-09,7
84a8131ffffffff-2019-10,3
84a8131ffffffff-2019-11,1
84a8131ffffffff-2020-01,6
84a8131ffffffff-2020-02,11
84a8131ffffffff-2020-03,6
84a8131ffffffff-2020-04,1
84a8131ffffffff-2020-05,2
84a8131ffffffff-2020-06,3
84a8131ffffffff-2020-07,8
84a8131ffffffff-2020-08,11
84a8131ffffffff-2020-09,9
84a8131ffffffff-2020-10,16
84a8131ffffffff-2020-11,18
84a8131ffffffff-2020-12,10
84a8131ffffffff-2021-01,8
84a8131ffffffff-2021-02,10
84a8131ffffffff-2021-03,14
84a8131ffffffff-2021-04,15
84a8131ffffffff-2021-05,14
84a8131ffffffff-2021-06,6
84a8131ffffffff-2021-07,8
84a8131ffffffff-2021-08,8
84a8131ffffffff-2021-09,15
84a8131ffffffff-2021-10,17
84a8131ffffffff-2021-11,9
84a8131ffffffff-2021-12,8
84a8131ffffffff-2022-01,4
84a8131ffffffff-2022-02,5
84a8131ffffffff-2022-03,5
84a8131ffffffff-2022-04,6
84a8131ffffffff-2022-06,4
84a8131ffffffff-2022-07,11
84a8131ffffffff-2022-08,7
84a8131ffffffff-2022-09,9
84a8131ffffffff-2022-10,14
84a8131ffffffff-2022-11,13
84a8131ffffffff-2022-12,7
84a8131ffffffff-2023-01,6
84a8131ffffffff-2023-02,5
84a8131ffffffff-2023-03,20
84a8131ffffffff-2023-04,3
84a8131ffffffff-2023-05,1
84a8131ffffffff-2023-06,9
84a8131ffffffff-2023-07,11
84a8131ffffffff-2023-08,22
84a8131ffffffff-2023-09,16
84a8131ffffffff-2023-10,2
84a8131ffffffff-2023-11,3
84a8133ffffffff-2020-01,1
84a8133ffffffff-2021-04,2
84a8133ffffffff-2021-11,2
84a8133ffffffff-2023-11,1
84a8135ffffffff-2020-07,1
84a8135ffffffff-2021-10,2
84a8135ffffffff-2022-01,1
84a8135ffffffff-2022-06,4
84a8135ffffffff-2022-09,4
84a8135ffffffff-2022-10,1
84a8135ffffffff-2023-03,2
84a8135ffffffff-2023-10,1
84a8137ffffffff-2016-05,1
84a8137ffffffff-2020-07,1
84a8137ffffffff-2022-11,2
84a8137ffffffff-2023-01,2
84a8137ffffffff-2023-07,1
84a8139ffffffff-2014-04,1
84a8139ffffffff-2014-10,2
84a8139ffffffff-2015-02,1
84a8139ffffffff-2015-05,2
84a8139ffffffff-2015-08,1
84a8139ffffffff-2016-09,2
84a8139ffffffff-2016-10,3
84a8139ffffffff-2016-11,4
84a8139ffffffff-2017-01,1
84a8139ffffffff-2017-03,6
84a8139ffffffff-2017-05,3
84a8139ffffffff-2017-06,1
84a8139ffffffff-2017-08,1
84a8139ffffffff-2017-09,4
84a8139ffffffff-2017-10,4
84a8139ffffffff-2017-11,3
84a8139ffffffff-2017-12,4
84a8139ffffffff-2018-01,2
84a8139ffffffff-2018-03,1
84a8139ffffffff-2018-04,3
84a8139ffffffff-2018-05,1
84a8139ffffffff-2018-06,1
84a8139ffffffff-2018-07,3
84a8139ffffffff-2018-08,2
84a8139ffffffff-2018-09,4
84a8139ffffffff-2018-10,2
84a8139ffffffff-2018-11,1
84a8139ffffffff-2018-12,2
84a8139ffffffff-2019-01,4
84a8139ffffffff-2019-02,1
84a8139ffffffff-2019-03,4
84a8139ffffffff-2019-04,2
84a8139ffffffff-2019-07,7
84a8139ffffffff-2019-08,3
84a8139ffffffff-2019-09,3
84a8139ffffffff-2019-10,8
84a8139ffffffff-2019-11,4
84a8139ffffffff-2019-12,4
84a8139ffffffff-2020-01,4
84a8139ffffffff-2020-02,5
84a8139ffffffff-2020-04,7
84a8139ffffffff-2020-05,11
84a8139ffffffff-2020-06,10
84a8139ffffffff-2020-07,9
84a8139ffffffff-2020-08,23
84a8139ffffffff-2020-09,17
84a8139ffffffff-2020-10,6
84a8139ffffffff-2020-11,9
84a8139ffffffff-2020-12,4
84a8139ffffffff-2021-01,6
84a8139ffffffff-2021-02,3
84a8139ffffffff-2021-03,4
84a8139ffffffff-2021-04,3
84a8139ffffffff-2021-05,5
84a8139ffffffff-2021-06,4
84a8139ffffffff-2021-07,8
84a8139ffffffff-2021-08,5
84a8139ffffffff-2021-09,7
84a8139ffffffff-2021-10,9
84a8139ffffffff-2021-11,8
84a8139ffffffff-2021-12,5
84a8139ffffffff-2022-01,5
84a8139ffffffff-2022-02,15
84a8139ffffffff-2022-03,3
84a8139ffffffff-2022-04,11
84a8139ffffffff-2022-05,15
84a8139ffffffff-2022-06,8
84a8139ffffffff-2022-07,13
84a8139ffffffff-2022-08,9
84a8139ffffffff-2022-09,8
84a8139ffffffff-2022-10,11
84a8139ffffffff-2022-11,11
84a8139ffffffff-2022-12,13
84a8139ffffffff-2023-01,10
84a8139ffffffff-2023-02,20
84a8139ffffffff-2023-03,13
84a8139ffffffff-2023-04,16
84a8139ffffffff-2023-05,11
84a8139ffffffff-2023-06,7
84a8139ffffffff-2023-07,6
84a8139ffffffff-2023-08,8
84a8139ffffffff-2023-09,13
84a8139ffffffff-2023-10,6
84a8139ffffffff-2023-11,9
84a813bffffffff-2013-06,1
84a813bffffffff-2018-05,4
84a813bffffffff-2018-07,2
84a813bffffffff-2018-10,5
84a813bffffffff-2019-04,1
84a813bffffffff-2019-05,2
84a813bffffffff-2020-03,3
84a813bffffffff-2020-04,1
84a813bffffffff-2020-05,2
84a813bffffffff-2020-07,2
84a813bffffffff-2020-08,4
84a813bffffffff-2020-10,3
84a813bffffffff-2020-12,2
84a813bffffffff-2021-02,1
84a813bffffffff-2021-03,2
84a813bffffffff-2021-05,4
84a813bffffffff-2021-06,2
84a813bffffffff-2021-08,1
84a813bffffffff-2021-09,4
84a813bffffffff-2021-10,4
84a813bffffffff-2022-01,2
84a813bffffffff-2022-02,10
84a813bffffffff-2022-03,8
84a813bffffffff-2022-04,5
84a813bffffffff-2022-05,3
84a813bffffffff-2022-06,6
84a813bffffffff-2022-07,5
84a813bffffffff-2022-08,2
84a813bffffffff-2022-10,5
84a813bffffffff-2022-11,5
84a813bffffffff-2022-12,9
84a813bffffffff-2023-01,6
84a813bffffffff-2023-02,3
84a813bffffffff-2023-03,11
84a813bffffffff-2023-04,1
84a813bffffffff-2023-05,7
84a813bffffffff-2023-06,6
84a813bffffffff-2023-07,14
84a813bffffffff-2023-08,3
84a813bffffffff-2023-09,11
84a813bffffffff-2023-10,15
84a813bffffffff-2023-11,4
84a813dffffffff-2015-07,1
84a813dffffffff-2015-08,1
84a813dffffffff-2015-10,2
84a813dffffffff-2015-12,2
84a813dffffffff-2016-02,2
84a813dffffffff-2016-04,1
84a813dffffffff-2016-07,1
84a813dffffffff-2016-10,2
84a813dffffffff-2016-12,1
84a813dffffffff-2017-01,1
84a813dffffffff-2017-05,1
84a813dffffffff-2017-06,1
84a813dffffffff-2017-07,2
84a813dffffffff-2017-08,6
84a813dffffffff-2017-09,1
84a813dffffffff-2017-10,1
84a813dffffffff-2018-01,2
84a813dffffffff-2018-06,1
84a813dffffffff-2018-07,2
84a813dffffffff-2018-08,1
84a813dffffffff-2018-09,2
84a813dffffffff-2018-10,1
84a813dffffffff-2018-11,2
84a813dffffffff-2018-12,1
84a813dffffffff-2019-04,1
84a813dffffffff-2019-05,1
84a813dffffffff-2019-09,3
84a813dffffffff-2019-10,1
84a813dffffffff-2019-12,2
84a813dffffffff-2020-01,2
84a813dffffffff-2020-03,3
84a813dffffffff-2020-04,6
84a813dffffffff-2020-05,3
84a813dffffffff-2020-06,6
84a813dffffffff-2020-07,10
84a813dffffffff-2020-08,17
84a813dffffffff-2020-09,3
84a813dffffffff-2020-10,8
84a813dffffffff-2020-11,5
84a813dffffffff-2020-12,3
84a813dffffffff-2021-01,1
84a813dffffffff-2021-03,1
84a813dffffffff-2021-04,3
84a813dffffffff-2021-05,1
84a813dffffffff-2021-08,2
84a813dffffffff-2021-09,1
84a813dffffffff-2021-10,9
84a813dffffffff-2021-12,1
84a813dffffffff-2022-01,2
84a813dffffffff-2022-03,1
84a813dffffffff-2022-04,4
84a813dffffffff-2022-06,1
84a813dffffffff-2022-07,1
84a813dffffffff-2022-09,8
84a813dffffffff-2022-11,1
84a813dffffffff-2023-01,1
84a813dffffffff-2023-03,1
84a813dffffffff-2023-04,1
84a813dffffffff-2023-05,2
84a813dffffffff-2023-06,4
84a813dffffffff-2023-07,3
84a813dffffffff-2023-08,1
84a813dffffffff-2023-09,8
84a813dffffffff-2023-10,6
84a8143ffffffff-2014-03,1
84a8143ffffffff-2015-05,6
84a8143ffffffff-2015-09,3
84a8143ffffffff-2015-10,2
84a8143ffffffff-2016-02,1
84a8143ffffffff-2016-08,7
84a8143ffffffff-2016-09,2
84a8143ffffffff-2016-10,10
84a8143ffffffff-2016-11,2
84a8143ffffffff-2016-12,1
84a8143ffffffff-2017-01,7
84a8143ffffffff-2017-02,1
84a8143ffffffff-2017-03,2
84a8143ffffffff-2017-04,2
84a8143ffffffff-2017-05,7
84a8143ffffffff-2017-06,1
84a8143ffffffff-2017-07,11
84a8143ffffffff-2017-08,3
84a8143ffffffff-2017-09,1
84a8143ffffffff-2017-11,3
84a8143ffffffff-2018-01,4
84a8143ffffffff-2018-02,4
84a8143ffffffff-2018-03,3
84a8143ffffffff-2018-04,1
84a8143ffffffff-2018-06,5
84a8143ffffffff-2018-07,11
84a8143ffffffff-2018-08,8
84a8143ffffffff-2018-09,12
84a8143ffffffff-2018-10,9
84a8143ffffffff-2018-11,3
84a8143ffffffff-2018-12,11
84a8143ffffffff-2019-02,3
84a8143ffffffff-2019-04,4
84a8143ffffffff-2019-05,2
84a8143ffffffff-2019-06,6
84a8143ffffffff-2019-07,5
84a8143ffffffff-2019-08,5
84a8143ffffffff-2019-09,21
84a8143ffffffff-2019-10,5
84a8143ffffffff-2019-11,20
84a8143ffffffff-2019-12,12
84a8143ffffffff-2020-01,17
84a8143ffffffff-2020-02,13
84a8143ffffffff-2020-03,24
84a8143ffffffff-2020-04,31
84a8143ffffffff-2020-05,42
84a8143ffffffff-2020-06,24
84a8143ffffffff-2020-07,19
84a8143ffffffff-2020-08,27
84a8143ffffffff-2020-09,5
84a8143ffffffff-2020-10,3
84a8143ffffffff-2020-11,6
84a8143ffffffff-2020-12,12
84a8143ffffffff-2021-01,18
84a8143ffffffff-2021-02,21
84a8143ffffffff-2021-03,32
84a8143ffffffff-2021-04,46
84a8143ffffffff-2021-05,23
84a8143ffffffff-2021-06,43
84a8143ffffffff-2021-07,30
84a8143ffffffff-2021-08,32
84a8143ffffffff-2021-09,26
84a8143ffffffff-2021-10,19
84a8143ffffffff-2021-11,9
84a8143ffffffff-2021-12,11
84a8143ffffffff-2022-01,25
84a8143ffffffff-2022-02,19
84a8143ffffffff-2022-03,20
84a8143ffffffff-2022-04,33
84a8143ffffffff-2022-05,53
84a8143ffffffff-2022-06,49
84a8143ffffffff-2022-07,59
84a8143ffffffff-2022-08,27
84a8143ffffffff-2022-09,16
84a8143ffffffff-2022-10,13
84a8143ffffffff-2022-11,10
84a8143ffffffff-2022-12,8
84a8143ffffffff-2023-01,19
84a8143ffffffff-2023-02,15
84a8143ffffffff-2023-03,27
84a8143ffffffff-2023-04,23
84a8143ffffffff-2023-05,23
84a8143ffffffff-2023-06,20
84a8143ffffffff-2023-07,26
84a8143ffffffff-2023-08,27
84a8143ffffffff-2023-09,22
84a8143ffffffff-2023-10,10
84a8143ffffffff-2023-11,11
84a8151ffffffff-2018-07,2
84a8151ffffffff-2019-01,1
84a8151ffffffff-2019-02,2
84a8151ffffffff-2019-05,1
84a8151ffffffff-2020-02,1
84a8151ffffffff-2020-04,1
84a8151ffffffff-2020-08,2
84a8151ffffffff-2021-08,1
84a8151ffffffff-2022-11,3
84a8151ffffffff-2023-06,1
84a8151ffffffff-2023-07,2
84a8151ffffffff-2023-11,1
84a8153ffffffff-2017-01,6
84a8153ffffffff-2017-02,4
84a8153ffffffff-2017-03,6
84a8153ffffffff-2018-01,1
84a8153ffffffff-2018-02,1
84a8153ffffffff-2018-09,1
84a8153ffffffff-2018-10,1
84a8153ffffffff-2018-12,2
84a8153ffffffff-2019-03,1
84a8153ffffffff-2019-06,4
84a8153ffffffff-2019-07,20
84a8153ffffffff-2019-08,5
84a8153ffffffff-2019-09,1
84a8153ffffffff-2019-10,1
84a8153ffffffff-2019-11,1
84a8153ffffffff-2020-01,2
84a8153ffffffff-2020-02,1
84a8153ffffffff-2020-04,1
84a8153ffffffff-2020-05,3
84a8153ffffffff-2020-06,3
84a8153ffffffff-2020-07,2
84a8153ffffffff-2020-10,1
84a8153ffffffff-2021-01,1
84a8153ffffffff-2021-02,1
84a8153ffffffff-2021-03,1
84a8153ffffffff-2021-04,1
84a8153ffffffff-2021-05,12
84a8153ffffffff-2021-06,1
84a8153ffffffff-2021-07,2
84a8153ffffffff-2021-08,1
84a8153ffffffff-2021-10,5
84a8153ffffffff-2021-12,3
84a8153ffffffff-2022-01,3
84a8153ffffffff-2022-02,4
84a8153ffffffff-2022-03,1
84a8153ffffffff-2022-04,5
84a8153ffffffff-2022-05,5
84a8153ffffffff-2022-06,5
84a8153ffffffff-2022-07,2
84a8153ffffffff-2022-09,3
84a8153ffffffff-2022-10,8
84a8153ffffffff-2023-01,2
84a8153ffffffff-2023-02,4
84a8153ffffffff-2023-03,2
84a8153ffffffff-2023-04,1
84a8153ffffffff-2023-05,1
84a8153ffffffff-2023-06,3
84a8153ffffffff-2023-07,2
84a8153ffffffff-2023-08,3
84a8153ffffffff-2023-09,2
84a8153ffffffff-2023-10,8
84a8155ffffffff-2015-08,1
84a8155ffffffff-2015-12,1
84a8155ffffffff-2016-03,1
84a8155ffffffff-2016-07,1
84a8155ffffffff-2016-09,1
84a8155ffffffff-2016-12,2
84a8155ffffffff-2017-05,3
84a8155ffffffff-2017-08,1
84a8155ffffffff-2018-02,3
84a8155ffffffff-2018-05,2
84a8155ffffffff-2018-06,1
84a8155ffffffff-2018-10,1
84a8155ffffffff-2019-05,4
84a8155ffffffff-2019-07,3
84a8155ffffffff-2019-10,5
84a8155ffffffff-2020-01,2
84a8155ffffffff-2020-02,3
84a8155ffffffff-2020-03,1
84a8155ffffffff-2020-04,1
84a8155ffffffff-2020-05,2
84a8155ffffffff-2020-06,1
84a8155ffffffff-2020-07,1
84a8155ffffffff-2020-08,4
84a8155ffffffff-2020-09,7
84a8155ffffffff-2020-10,3
84a8155ffffffff-2020-11,1
84a8155ffffffff-2021-01,5
84a8155ffffffff-2021-02,2
84a8155ffffffff-2021-04,5
84a8155ffffffff-2021-05,4
84a8155ffffffff-2021-06,3
84a8155ffffffff-2021-07,5
84a8155ffffffff-2021-08,7
84a8155ffffffff-2021-09,2
84a8155ffffffff-2021-10,2
84a8155ffffffff-2021-12,5
84a8155ffffffff-2022-01,1
84a8155ffffffff-2022-02,1
84a8155ffffffff-2022-04,1
84a8155ffffffff-2022-05,16
84a8155ffffffff-2022-06,1
84a8155ffffffff-2022-07,16
84a8155ffffffff-2022-08,1
84a8155ffffffff-2022-09,8
84a8155ffffffff-2022-10,30
84a8155ffffffff-2023-01,1
84a8155ffffffff-2023-04,4
84a8155ffffffff-2023-05,4
84a8155ffffffff-2023-06,7
84a8155ffffffff-2023-07,15
84a8155ffffffff-2023-08,6
84a8155ffffffff-2023-09,7
84a8155ffffffff-2023-10,14
84a8155ffffffff-2023-11,5
84a8157ffffffff-2015-05,2
84a8157ffffffff-2015-06,4
84a8157ffffffff-2015-07,2
84a8157ffffffff-2015-08,6
84a8157ffffffff-2015-10,1
84a8157ffffffff-2016-05,2
84a8157ffffffff-2016-07,2
84a8157ffffffff-2016-09,6
84a8157ffffffff-2016-10,2
84a8157ffffffff-2016-11,1
84a8157ffffffff-2017-05,1
84a8157ffffffff-2017-07,1
84a8157ffffffff-2017-08,6
84a8157ffffffff-2017-09,11
84a8157ffffffff-2017-10,4
84a8157ffffffff-2018-03,1
84a8157ffffffff-2018-05,1
84a8157ffffffff-2018-07,1
84a8157ffffffff-2018-08,2
84a8157ffffffff-2018-09,2
84a8157ffffffff-2018-10,1
84a8157ffffffff-2018-11,1
84a8157ffffffff-2018-12,1
84a8157ffffffff-2019-05,4
84a8157ffffffff-2019-06,2
84a8157ffffffff-2019-07,7
84a8157ffffffff-2019-08,6
84a8157ffffffff-2019-09,6
84a8157ffffffff-2019-10,10
84a8157ffffffff-2019-11,2
84a8157ffffffff-2019-12,1
84a8157ffffffff-2020-07,1
84a8157ffffffff-2020-08,4
84a8157ffffffff-2020-09,6
84a8157ffffffff-2020-10,3
84a8157ffffffff-2020-11,2
84a8157ffffffff-2021-03,1
84a8157ffffffff-2021-05,1
84a8157ffffffff-2021-07,1
84a8157ffffffff-2021-08,5
84a8157ffffffff-2021-09,6
84a8157ffffffff-2021-10,5
84a8157ffffffff-2021-11,2
84a8157ffffffff-2021-12,1
84a8157ffffffff-2022-04,1
84a8157ffffffff-2022-05,8
84a8157ffffffff-2022-06,1
84a8157ffffffff-2022-07,5
84a8157ffffffff-2022-08,7
84a8157ffffffff-2022-09,3
84a8157ffffffff-2022-10,17
84a8157ffffffff-2022-11,2
84a8157ffffffff-2023-01,1
84a8157ffffffff-2023-03,6
84a8157ffffffff-2023-04,1
84a8157ffffffff-2023-06,5
84a8157ffffffff-2023-07,6
84a8157ffffffff-2023-08,6
84a8157ffffffff-2023-09,9
84a8157ffffffff-2023-10,4
84a8157ffffffff-2023-11,5
84a8159ffffffff-2020-05,1
84a8159ffffffff-2020-06,1
84a8159ffffffff-2023-07,2
84a815bffffffff-2012-10,1
84a815bffffffff-2013-07,1
84a815bffffffff-2013-08,1
84a815bffffffff-2013-10,6
84a815bffffffff-2013-11,1
84a815bffffffff-2014-03,2
84a815bffffffff-2014-08,1
84a815bffffffff-2014-10,7
84a815bffffffff-2014-11,1
84a815bffffffff-2014-12,1
84a815bffffffff-2015-01,1
84a815bffffffff-2015-03,2
84a815bffffffff-2015-05,3
84a815bffffffff-2015-06,4
84a815bffffffff-2015-07,17
84a815bffffffff-2015-08,12
84a815bffffffff-2015-09,4
84a815bffffffff-2015-10,8
84a815bffffffff-2015-11,4
84a815bffffffff-2015-12,4
84a815bffffffff-2016-03,1
84a815bffffffff-2016-04,8
84a815bffffffff-2016-05,8
84a815bffffffff-2016-06,2
84a815bffffffff-2016-08,2
84a815bffffffff-2016-09,6
84a815bffffffff-2016-12,2
84a815bffffffff-2017-01,2
84a815bffffffff-2017-02,7
84a815bffffffff-2017-03,16
84a815bffffffff-2017-04,2
84a815bffffffff-2017-06,2
84a815bffffffff-2017-08,8
84a815bffffffff-2017-09,2
84a815bffffffff-2017-10,7
84a815bffffffff-2017-11,1
84a815bffffffff-2017-12,4
84a815bffffffff-2018-01,6
84a815bffffffff-2018-02,1
84a815bffffffff-2018-03,3
84a815bffffffff-2018-04,2
84a815bffffffff-2018-05,4
84a815bffffffff-2018-06,11
84a815bffffffff-2018-07,9
84a815bffffffff-2018-08,12
84a815bffffffff-2018-09,1
84a815bffffffff-2018-10,13
84a815bffffffff-2018-11,10
84a815bffffffff-2018-12,4
84a815bffffffff-2019-01,2
84a815bffffffff-2019-02,2
84a815bffffffff-2019-03,4
84a815bffffffff-2019-04,1
84a815bffffffff-2019-05,9
84a815bffffffff-2019-06,5
84a815bffffffff-2019-07,24
84a815bffffffff-2019-08,4
84a815bffffffff-2019-09,13
84a815bffffffff-2019-10,38
84a815bffffffff-2019-11,16
84a815bffffffff-2019-12,3
84a815bffffffff-2020-01,2
84a815bffffffff-2020-03,7
84a815bffffffff-2020-10,10
84a815bffffffff-2020-11,5
84a815bffffffff-2020-12,1
84a815bffffffff-2021-01,2
84a815bffffffff-2021-02,6
84a815bffffffff-2021-05,1
84a815bffffffff-2021-06,1
84a815bffffffff-2021-07,1
84a815bffffffff-2021-08,2
84a815bffffffff-2021-09,1
84a815bffffffff-2021-10,7
84a815bffffffff-2021-11,8
84a815bffffffff-2021-12,6
84a815bffffffff-2022-01,5
84a815bffffffff-2022-03,2
84a815bffffffff-2022-05,1
84a815bffffffff-2022-06,3
84a815bffffffff-2022-08,1
84a815bffffffff-2022-09,1
84a815bffffffff-2022-10,12
84a815bffffffff-2023-03,10
84a815bffffffff-2023-05,1
84a815bffffffff-2023-07,4
84a815bffffffff-2023-08,14
84a815bffffffff-2023-09,16
84a815bffffffff-2023-10,3
84a815bffffffff-2023-11,2
84a815dffffffff-2018-04,1
84a815dffffffff-2018-05,2
84a815dffffffff-2022-03,1
84a815dffffffff-2022-09,8
84a8163ffffffff-2018-11,5
84a8163ffffffff-2019-12,2
84a8163ffffffff-2021-04,1
84a8163ffffffff-2022-03,1
84a8163ffffffff-2022-12,1
84a8163ffffffff-2023-01,9
84a8167ffffffff-2014-08,1
84a8167ffffffff-2016-12,1
84a8167ffffffff-2020-06,1
84a8167ffffffff-2021-01,1
84a8167ffffffff-2021-03,1
84a8167ffffffff-2022-07,1
84a8167ffffffff-2022-10,1
84a8167ffffffff-2022-11,1
84a8167ffffffff-2023-02,1
84a8167ffffffff-2023-05,1
84a8199ffffffff-2015-10,1
84a81cdffffffff-2017-07,1
84a81cdffffffff-2018-05,1
84a81cdffffffff-2018-06,1
84a81cdffffffff-2018-07,1
84a81cdffffffff-2018-08,1
84a81cdffffffff-2018-11,2
84a81cdffffffff-2018-12,2
84a81cdffffffff-2019-06,3
84a81cdffffffff-2019-12,4
84a81cdffffffff-2020-01,1
84a81cdffffffff-2020-03,1
84a81cdffffffff-2020-06,1
84a81cdffffffff-2020-12,2
84a81cdffffffff-2021-01,4
84a81cdffffffff-2021-03,1
84a81cdffffffff-2021-04,6
84a81cdffffffff-2021-05,3
84a81cdffffffff-2021-06,4
84a81cdffffffff-2021-07,6
84a81cdffffffff-2021-08,2
84a81cdffffffff-2021-09,3
84a81cdffffffff-2021-10,3
84a81cdffffffff-2022-01,1
84a81cdffffffff-2022-06,6
84a81cdffffffff-2022-10,2
84a81cdffffffff-2022-11,1
84a81cdffffffff-2023-01,1
84a81cdffffffff-2023-02,1
84a81cdffffffff-2023-03,1
84a81cdffffffff-2023-05,1
84a81cdffffffff-2023-06,1
84a81cdffffffff-2023-07,2
84a81cdffffffff-2023-08,4
84a81cdffffffff-2023-09,4
84a81d9ffffffff-2015-01,1
84a81dbffffffff-2023-11,1
84a81e1ffffffff-2023-04,1
84a81e3ffffffff-2020-01,1
84a81e9ffffffff-2019-10,1
84a8203ffffffff-2020-07,1
84a8203ffffffff-2021-05,1
84a8203ffffffff-2021-09,1
84a8203ffffffff-2021-11,2
84a8203ffffffff-2022-05,2
84a8203ffffffff-2022-10,2
84a8203ffffffff-2023-04,1
84a8203ffffffff-2023-05,3
84a8203ffffffff-2023-06,1
84a8207ffffffff-2021-12,2
84a8207ffffffff-2022-06,2
84a8207ffffffff-2023-03,1
84a8207ffffffff-2023-04,1
84a8209ffffffff-2017-03,4
84a8209ffffffff-2020-10,1
84a8209ffffffff-2021-11,1
84a8209ffffffff-2022-07,1
84a8209ffffffff-2022-08,2
84a8209ffffffff-2022-10,3
84a8209ffffffff-2022-11,4
84a8209ffffffff-2023-01,2
84a8209ffffffff-2023-02,2
84a8209ffffffff-2023-03,1
84a8209ffffffff-2023-04,1
84a8209ffffffff-2023-05,2
84a8209ffffffff-2023-07,1
84a8209ffffffff-2023-08,1
84a8209ffffffff-2023-10,1
84a820bffffffff-2021-06,1
84a820bffffffff-2022-10,1
84a820bffffffff-2023-05,1
84a820dffffffff-2022-01,1
84a820dffffffff-2023-04,1
84a820dffffffff-2023-07,1
84a8211ffffffff-2020-08,2
84a8211ffffffff-2021-06,1
84a8211ffffffff-2021-09,2
84a8211ffffffff-2022-03,3
84a8211ffffffff-2022-06,1
84a8211ffffffff-2022-07,6
84a8213ffffffff-2020-01,1
84a8213ffffffff-2020-09,1
84a8213ffffffff-2020-11,1
84a8213ffffffff-2021-02,1
84a8213ffffffff-2021-06,1
84a8213ffffffff-2021-11,2
84a8213ffffffff-2021-12,1
84a8213ffffffff-2022-03,1
84a8213ffffffff-2022-06,1
84a8213ffffffff-2022-08,1
84a8213ffffffff-2022-10,1
84a8213ffffffff-2023-01,2
84a8213ffffffff-2023-04,1
84a8215ffffffff-2016-07,1
84a8215ffffffff-2020-11,4
84a8215ffffffff-2022-06,1
84a8215ffffffff-2022-08,1
84a8215ffffffff-2023-08,1
84a8217ffffffff-2022-12,2
84a8219ffffffff-2014-08,1
84a8219ffffffff-2015-04,1
84a8219ffffffff-2020-04,2
84a8219ffffffff-2020-06,1
84a8219ffffffff-2020-10,1
84a8219ffffffff-2021-09,3
84a821bffffffff-2018-01,1
84a821bffffffff-2018-06,1
84a821bffffffff-2018-07,1
84a821bffffffff-2019-01,2
84a821bffffffff-2019-02,1
84a821bffffffff-2019-07,1
84a821bffffffff-2019-10,1
84a821bffffffff-2020-01,2
84a821bffffffff-2020-02,1
84a821bffffffff-2020-03,1
84a821bffffffff-2020-04,1
84a821bffffffff-2020-05,1
84a821bffffffff-2020-08,3
84a821bffffffff-2020-09,1
84a821bffffffff-2020-10,2
84a821bffffffff-2020-11,3
84a821bffffffff-2021-02,4
84a821bffffffff-2021-03,1
84a821bffffffff-2021-05,2
84a821bffffffff-2021-06,2
84a821bffffffff-2021-08,1
84a821bffffffff-2021-11,1
84a821bffffffff-2022-01,4
84a821bffffffff-2022-02,9
84a821bffffffff-2022-03,3
84a821bffffffff-2022-04,1
84a821bffffffff-2022-06,1
84a821bffffffff-2022-10,1
84a821bffffffff-2023-01,1
84a821bffffffff-2023-02,2
84a821bffffffff-2023-04,2
84a821bffffffff-2023-06,2
84a821bffffffff-2023-10,1
84a821dffffffff-2021-06,1
84a821dffffffff-2022-05,1
84a821dffffffff-2022-06,1
84a821dffffffff-2022-11,2
84a821dffffffff-2022-12,1
84a821dffffffff-2023-01,1
84a821dffffffff-2023-03,1
84a8221ffffffff-2022-08,1
84a8221ffffffff-2022-12,4
84a8221ffffffff-2023-10,1
84a8223ffffffff-2020-12,1
84a8223ffffffff-2022-02,1
84a8223ffffffff-2022-04,1
84a8223ffffffff-2022-07,1
84a8223ffffffff-2022-09,3
84a8223ffffffff-2022-10,1
84a8225ffffffff-2017-03,2
84a8225ffffffff-2017-08,1
84a8225ffffffff-2020-01,2
84a8227ffffffff-2020-02,1
84a8227ffffffff-2023-08,1
84a8229ffffffff-2022-09,1
84a822bffffffff-2016-02,1
84a822bffffffff-2017-10,1
84a822bffffffff-2019-10,1
84a822bffffffff-2020-10,1
84a822bffffffff-2021-04,2
84a822bffffffff-2021-10,5
84a822bffffffff-2022-04,3
84a822bffffffff-2022-06,1
84a822bffffffff-2022-09,6
84a822dffffffff-2020-10,1
84a822dffffffff-2022-02,1
84a822dffffffff-2022-11,1
84a822dffffffff-2023-10,1
84a8231ffffffff-2023-02,1
84a8231ffffffff-2023-03,1
84a8231ffffffff-2023-06,1
84a8231ffffffff-2023-08,1
84a8231ffffffff-2023-11,2
84a8233ffffffff-2021-08,1
84a8233ffffffff-2023-09,1
84a8235ffffffff-2019-10,3
84a8235ffffffff-2019-11,2
84a8235ffffffff-2020-01,6
84a8235ffffffff-2020-06,1
84a8235ffffffff-2020-07,10
84a8235ffffffff-2020-08,5
84a8235ffffffff-2020-09,9
84a8235ffffffff-2020-10,12
84a8235ffffffff-2020-11,9
84a8235ffffffff-2020-12,5
84a8235ffffffff-2021-01,4
84a8235ffffffff-2021-02,2
84a8235ffffffff-2021-03,8
84a8235ffffffff-2021-04,3
84a8235ffffffff-2021-05,9
84a8235ffffffff-2021-06,4
84a8235ffffffff-2021-07,6
84a8235ffffffff-2021-08,12
84a8235ffffffff-2021-09,12
84a8235ffffffff-2021-10,4
84a8235ffffffff-2021-11,13
84a8235ffffffff-2021-12,6
84a8235ffffffff-2022-01,1
84a8235ffffffff-2022-02,13
84a8235ffffffff-2022-03,12
84a8235ffffffff-2022-04,13
84a8235ffffffff-2022-05,13
84a8235ffffffff-2022-06,13
84a8235ffffffff-2022-07,2
84a8235ffffffff-2022-08,8
84a8235ffffffff-2022-09,7
84a8235ffffffff-2022-10,8
84a8235ffffffff-2022-11,8
84a8235ffffffff-2022-12,13
84a8235ffffffff-2023-01,15
84a8235ffffffff-2023-02,16
84a8235ffffffff-2023-03,17
84a8235ffffffff-2023-04,9
84a8235ffffffff-2023-05,1
84a8237ffffffff-2018-11,1
84a8237ffffffff-2019-09,8
84a8237ffffffff-2019-10,2
84a8237ffffffff-2019-11,5
84a8237ffffffff-2020-10,2
84a8237ffffffff-2020-12,1
84a8237ffffffff-2023-03,1
84a8237ffffffff-2023-07,4
84a8237ffffffff-2023-08,2
84a8237ffffffff-2023-09,4
84a8237ffffffff-2023-10,2
84a8239ffffffff-2023-06,1
84a823bffffffff-2020-09,1
84a823bffffffff-2022-05,3
84a823dffffffff-2019-05,2
84a823dffffffff-2020-09,1
84a8241ffffffff-2015-12,5
84a8241ffffffff-2020-09,1
84a8241ffffffff-2021-12,4
84a8241ffffffff-2022-03,6
84a8241ffffffff-2022-07,3
84a8241ffffffff-2022-10,7
84a8241ffffffff-2022-11,5
84a8241ffffffff-2022-12,6
84a8241ffffffff-2023-03,10
84a8241ffffffff-2023-05,2
84a8241ffffffff-2023-06,8
84a8241ffffffff-2023-09,6
84a8241ffffffff-2023-11,6
84a8243ffffffff-2021-08,1
84a8243ffffffff-2023-08,3
84a8243ffffffff-2023-10,1
84a8245ffffffff-2021-12,1
84a8245ffffffff-2022-03,1
84a8245ffffffff-2022-06,9
84a8245ffffffff-2022-10,3
84a8245ffffffff-2022-11,3
84a8245ffffffff-2022-12,1
84a8245ffffffff-2023-03,6
84a8245ffffffff-2023-06,2
84a8245ffffffff-2023-09,6
84a8247ffffffff-2022-10,3
84a8247ffffffff-2023-02,1
84a8247ffffffff-2023-03,2
84a8247ffffffff-2023-08,2
84a8249ffffffff-2022-08,2
84a8249ffffffff-2022-10,4
84a8249ffffffff-2023-01,3
84a8249ffffffff-2023-04,2
84a824bffffffff-2021-01,1
84a824bffffffff-2022-02,1
84a824bffffffff-2022-07,1
84a824bffffffff-2022-12,1
84a824bffffffff-2023-06,2
84a824bffffffff-2023-08,2
84a824dffffffff-2022-08,2
84a824dffffffff-2023-01,3
84a8251ffffffff-2015-06,4
84a8251ffffffff-2015-07,2
84a8251ffffffff-2017-10,1
84a8251ffffffff-2018-02,1
84a8251ffffffff-2019-09,2
84a8251ffffffff-2022-12,1
84a8251ffffffff-2023-01,1
84a8251ffffffff-2023-10,2
84a8253ffffffff-2018-12,1
84a8253ffffffff-2019-06,1
84a8253ffffffff-2022-10,1
84a8253ffffffff-2023-11,3
84a8255ffffffff-2017-07,1
84a8255ffffffff-2018-01,1
84a8255ffffffff-2018-09,1
84a8255ffffffff-2021-10,3
84a8255ffffffff-2022-02,1
84a8255ffffffff-2022-10,1
84a8257ffffffff-2016-05,1
84a8257ffffffff-2017-07,1
84a8257ffffffff-2017-12,4
84a8257ffffffff-2018-02,1
84a8257ffffffff-2018-07,5
84a8257ffffffff-2018-12,5
84a8257ffffffff-2019-07,1
84a8257ffffffff-2019-12,1
84a8257ffffffff-2020-07,1
84a8257ffffffff-2020-10,2
84a8257ffffffff-2020-12,1
84a8257ffffffff-2021-09,4
84a8257ffffffff-2021-10,2
84a8257ffffffff-2021-11,2
84a8257ffffffff-2022-05,4
84a8257ffffffff-2023-05,3
84a8257ffffffff-2023-08,2
84a8257ffffffff-2023-09,1
84a8257ffffffff-2023-10,1
84a8259ffffffff-2017-05,1
84a8259ffffffff-2019-09,1
84a8259ffffffff-2021-11,1
84a8259ffffffff-2022-10,1
84a8259ffffffff-2023-06,3
84a825bffffffff-2020-05,1
84a825bffffffff-2020-06,1
84a825bffffffff-2021-08,1
84a825bffffffff-2022-06,1
84a825bffffffff-2022-12,1
84a825dffffffff-2022-05,1
84a825dffffffff-2023-09,1
84a825dffffffff-2023-11,1
84a8261ffffffff-2017-05,1
84a8261ffffffff-2021-01,2
84a8261ffffffff-2021-05,2
84a8261ffffffff-2022-04,1
84a8261ffffffff-2022-08,2
84a8261ffffffff-2022-11,1
84a8261ffffffff-2023-04,1
84a8261ffffffff-2023-06,1
84a8263ffffffff-2023-05,1
84a8265ffffffff-2022-07,1
84a8265ffffffff-2022-08,1
84a8265ffffffff-2023-06,1
84a8265ffffffff-2023-09,2
84a8267ffffffff-2013-06,1
84a8267ffffffff-2015-10,6
84a8267ffffffff-2017-12,1
84a8267ffffffff-2019-01,1
84a8267ffffffff-2022-10,1
84a8269ffffffff-2023-11,1
84a826bffffffff-2021-06,1
84a826bffffffff-2021-11,1
84a826bffffffff-2022-05,1
84a826bffffffff-2022-11,1
84a826bffffffff-2022-12,1
84a826bffffffff-2023-07,1
84a826dffffffff-2018-02,4
84a826dffffffff-2020-06,2
84a826dffffffff-2020-09,2
84a826dffffffff-2020-10,2
84a826dffffffff-2020-11,2
84a826dffffffff-2020-12,1
84a826dffffffff-2021-02,4
84a826dffffffff-2021-03,4
84a826dffffffff-2021-04,1
84a826dffffffff-2021-06,1
84a826dffffffff-2021-09,1
84a826dffffffff-2022-05,1
84a826dffffffff-2022-07,1
84a826dffffffff-2022-08,1
84a826dffffffff-2022-10,2
84a826dffffffff-2022-12,2
84a826dffffffff-2023-03,1
84a826dffffffff-2023-05,4
84a826dffffffff-2023-07,2
84a826dffffffff-2023-09,3
84a826dffffffff-2023-10,1
84a8285ffffffff-2022-07,1
84a8287ffffffff-2019-10,1
84a8287ffffffff-2020-09,1
84a8287ffffffff-2021-04,2
84a8287ffffffff-2021-11,1
84a8289ffffffff-2020-08,1
84a8289ffffffff-2021-09,1
84a8289ffffffff-2022-09,2
84a8289ffffffff-2022-11,4
84a828bffffffff-2017-10,1
84a8295ffffffff-2021-11,1
84a82a5ffffffff-2020-10,1
84a82a7ffffffff-2023-11,1
84a82abffffffff-2021-08,1
84a82adffffffff-2023-02,1
84a82adffffffff-2023-05,2
84a82b1ffffffff-2019-10,1
84a82b7ffffffff-2021-04,1
84a82bdffffffff-2019-12,1
84a82bdffffffff-2020-01,1
84a82c3ffffffff-2020-01,1
84a82c3ffffffff-2022-04,1
84a82c5ffffffff-2023-04,4
84a82c5ffffffff-2023-07,2
84a82c9ffffffff-2021-04,1
84a82c9ffffffff-2021-11,2
84a82c9ffffffff-2021-12,1
84a82c9ffffffff-2022-02,1
84a82c9ffffffff-2022-05,1
84a82c9ffffffff-2022-08,1
84a82c9ffffffff-2022-11,1
84a82c9ffffffff-2023-05,4
84a82c9ffffffff-2023-08,1
84a82c9ffffffff-2023-09,1
84a82c9ffffffff-2023-10,1
84a82cbffffffff-2023-06,2
84a82d3ffffffff-2022-08,2
84a82d9ffffffff-2021-02,1
84a82ddffffffff-2022-08,1
84a82e1ffffffff-2020-12,6
84a82e1ffffffff-2021-01,3
84a82e1ffffffff-2022-05,1
84a82e1ffffffff-2022-12,2
84a82e1ffffffff-2023-01,3
84a82e1ffffffff-2023-02,3
84a82e1ffffffff-2023-03,4
84a82e1ffffffff-2023-04,3
84a82e1ffffffff-2023-05,4
84a82e1ffffffff-2023-06,3
84a82e1ffffffff-2023-07,1
84a82e1ffffffff-2023-08,4
84a82e1ffffffff-2023-09,2
84a82e3ffffffff-2015-05,2
84a82e3ffffffff-2015-09,2
84a82e3ffffffff-2016-05,1
84a82e3ffffffff-2016-08,2
84a82e3ffffffff-2016-09,4
84a82e3ffffffff-2016-10,2
84a82e3ffffffff-2019-10,1
84a82e5ffffffff-2021-08,1
84a82e5ffffffff-2023-03,2
84a82e5ffffffff-2023-07,1
84a82e5ffffffff-2023-08,2
84a82e5ffffffff-2023-10,1
84a82e7ffffffff-2016-03,1
84a82e7ffffffff-2021-12,2
84a82e7ffffffff-2022-06,2
84a82e7ffffffff-2022-10,1
84a82e7ffffffff-2023-01,1
84a82e7ffffffff-2023-04,3
84a82e7ffffffff-2023-05,1
84a82e9ffffffff-2021-03,2
84a82e9ffffffff-2022-01,1
84a82e9ffffffff-2022-05,1
84a82ebffffffff-2020-10,2
84a82ebffffffff-2022-08,1
84a82edffffffff-2023-01,1
84a82edffffffff-2023-02,1
84a82edffffffff-2023-08,2
84a8311ffffffff-2015-05,1
84a8311ffffffff-2015-06,1
84a8311ffffffff-2015-07,1
84a8311ffffffff-2015-10,2
84a8311ffffffff-2016-05,2
84a8311ffffffff-2016-07,2
84a8311ffffffff-2016-10,5
84a8311ffffffff-2016-11,9
84a8311ffffffff-2017-02,5
84a8311ffffffff-2018-05,3
84a8311ffffffff-2019-01,2
84a8311ffffffff-2019-05,2
84a8311ffffffff-2019-08,2
84a8311ffffffff-2020-01,1
84a8311ffffffff-2020-12,1
84a8311ffffffff-2021-02,1
84a8311ffffffff-2021-05,2
84a8311ffffffff-2021-07,9
84a8311ffffffff-2021-08,1
84a8311ffffffff-2021-10,2
84a8311ffffffff-2022-05,5
84a8311ffffffff-2022-07,2
84a8311ffffffff-2022-09,1
84a8311ffffffff-2022-10,3
84a8311ffffffff-2022-11,1
84a8311ffffffff-2022-12,1
84a8311ffffffff-2023-01,2
84a8311ffffffff-2023-04,1
84a8311ffffffff-2023-07,8
84a8311ffffffff-2023-08,1
84a8311ffffffff-2023-09,4
84a8311ffffffff-2023-10,3
84a8311ffffffff-2023-11,2
84a8313ffffffff-2015-11,1
84a8313ffffffff-2016-10,3
84a8313ffffffff-2016-11,2
84a8313ffffffff-2016-12,1
84a8313ffffffff-2017-01,6
84a8313ffffffff-2017-04,1
84a8313ffffffff-2017-07,1
84a8313ffffffff-2017-08,1
84a8313ffffffff-2017-10,1
84a8313ffffffff-2017-11,2
84a8313ffffffff-2018-03,1
84a8313ffffffff-2018-05,10
84a8313ffffffff-2018-08,5
84a8313ffffffff-2018-09,2
84a8313ffffffff-2018-11,4
84a8313ffffffff-2018-12,2
84a8313ffffffff-2019-01,1
84a8313ffffffff-2019-04,1
84a8313ffffffff-2019-07,1
84a8313ffffffff-2019-08,4
84a8313ffffffff-2019-09,11
84a8313ffffffff-2019-10,7
84a8313ffffffff-2019-11,1
84a8313ffffffff-2019-12,2
84a8313ffffffff-2020-01,2
84a8313ffffffff-2020-02,1
84a8313ffffffff-2020-03,1
84a8313ffffffff-2020-04,6
84a8313ffffffff-2020-05,3
84a8313ffffffff-2020-06,4
84a8313ffffffff-2020-07,3
84a8313ffffffff-2020-08,2
84a8313ffffffff-2020-09,3
84a8313ffffffff-2020-10,4
84a8313ffffffff-2020-11,3
84a8313ffffffff-2021-01,3
84a8313ffffffff-2021-02,8
84a8313ffffffff-2021-03,3
84a8313ffffffff-2021-04,2
84a8313ffffffff-2021-05,14
84a8313ffffffff-2021-06,2
84a8313ffffffff-2021-07,2
84a8313ffffffff-2021-08,9
84a8313ffffffff-2021-09,7
84a8313ffffffff-2021-10,4
84a8313ffffffff-2021-11,4
84a8313ffffffff-2021-12,4
84a8313ffffffff-2022-01,6
84a8313ffffffff-2022-03,1
84a8313ffffffff-2022-04,5
84a8313ffffffff-2022-05,3
84a8313ffffffff-2022-06,3
84a8313ffffffff-2022-07,8
84a8313ffffffff-2022-08,7
84a8313ffffffff-2022-09,4
84a8313ffffffff-2022-10,9
84a8313ffffffff-2022-11,3
84a8313ffffffff-2022-12,10
84a8313ffffffff-2023-01,4
84a8313ffffffff-2023-02,6
84a8313ffffffff-2023-03,6
84a8313ffffffff-2023-04,6
84a8313ffffffff-2023-05,9
84a8313ffffffff-2023-06,7
84a8313ffffffff-2023-07,10
84a8313ffffffff-2023-08,4
84a8313ffffffff-2023-09,5
84a8313ffffffff-2023-10,12
84a8313ffffffff-2023-11,4
84a8315ffffffff-2023-07,2
84a8317ffffffff-2016-10,1
84a8317ffffffff-2016-11,1
84a8317ffffffff-2017-09,8
84a8317ffffffff-2017-11,1
84a8317ffffffff-2017-12,2
84a8317ffffffff-2018-01,1
84a8317ffffffff-2018-05,2
84a8317ffffffff-2018-06,1
84a8317ffffffff-2018-08,2
84a8317ffffffff-2018-10,7
84a8317ffffffff-2018-11,4
84a8317ffffffff-2018-12,1
84a8317ffffffff-2019-01,1
84a8317ffffffff-2019-02,3
84a8317ffffffff-2019-03,1
84a8317ffffffff-2019-04,4
84a8317ffffffff-2019-05,3
84a8317ffffffff-2019-09,1
84a8317ffffffff-2019-10,7
84a8317ffffffff-2019-11,2
84a8317ffffffff-2020-08,1
84a8317ffffffff-2020-09,1
84a8317ffffffff-2020-11,1
84a8317ffffffff-2021-01,1
84a8317ffffffff-2021-05,1
84a8317ffffffff-2021-06,3
84a8317ffffffff-2021-07,1
84a8317ffffffff-2021-10,2
84a8317ffffffff-2021-12,1
84a8317ffffffff-2022-04,1
84a8317ffffffff-2022-07,14
84a8317ffffffff-2022-08,6
84a8317ffffffff-2022-09,1
84a8317ffffffff-2022-10,3
84a8317ffffffff-2022-11,3
84a8317ffffffff-2022-12,1
84a8317ffffffff-2023-07,6
84a8317ffffffff-2023-08,1
84a8317ffffffff-2023-11,3
84a8319ffffffff-2017-04,3
84a8319ffffffff-2019-06,2
84a8319ffffffff-2020-05,1
84a8319ffffffff-2020-08,3
84a8319ffffffff-2020-09,1
84a8319ffffffff-2022-02,1
84a8319ffffffff-2022-07,2
84a8319ffffffff-2022-10,1
84a8319ffffffff-2022-11,2
84a8319ffffffff-2023-06,1
84a8319ffffffff-2023-07,2
84a831bffffffff-2012-02,1
84a831bffffffff-2015-05,1
84a831bffffffff-2016-12,1
84a831bffffffff-2017-01,1
84a831bffffffff-2017-06,2
84a831bffffffff-2017-07,1
84a831bffffffff-2017-11,3
84a831bffffffff-2018-01,1
84a831bffffffff-2018-02,2
84a831bffffffff-2018-09,3
84a831bffffffff-2018-10,2
84a831bffffffff-2019-02,2
84a831bffffffff-2019-03,1
84a831bffffffff-2019-05,1
84a831bffffffff-2019-08,1
84a831bffffffff-2020-06,1
84a831bffffffff-2022-02,1
84a831bffffffff-2022-04,3
84a831bffffffff-2022-07,1
84a831bffffffff-2022-11,2
84a831bffffffff-2022-12,1
84a831bffffffff-2023-01,1
84a831bffffffff-2023-03,3
84a831bffffffff-2023-05,2
84a831bffffffff-2023-08,5
84a831bffffffff-2023-09,3
84a831bffffffff-2023-10,4
84a831dffffffff-2014-07,1
84a831dffffffff-2014-12,1
84a831dffffffff-2020-01,3
84a831dffffffff-2021-08,2
84a831dffffffff-2023-02,1
84a831dffffffff-2023-09,1
84a831dffffffff-2023-10,1
84a8331ffffffff-2015-07,3
84a8333ffffffff-2015-07,2
84a8333ffffffff-2017-06,1
84a8333ffffffff-2018-06,1
84a8333ffffffff-2018-10,1
84a8333ffffffff-2021-05,1
84a8333ffffffff-2021-08,4
84a8333ffffffff-2021-10,1
84a8333ffffffff-2022-02,1
84a8333ffffffff-2022-06,1
84a8333ffffffff-2022-08,1
84a8333ffffffff-2022-10,2
84a8333ffffffff-2023-03,1
84a8333ffffffff-2023-05,3
84a8333ffffffff-2023-09,1
84a8333ffffffff-2023-10,4
84a8337ffffffff-2023-05,1
84a8337ffffffff-2023-06,2
84a833bffffffff-2014-10,5
84a833bffffffff-2014-12,1
84a833bffffffff-2015-05,1
84a833bffffffff-2015-09,11
84a833bffffffff-2016-04,9
84a833bffffffff-2016-05,10
84a833bffffffff-2016-10,1
84a833bffffffff-2017-05,8
84a833bffffffff-2017-07,2
84a833bffffffff-2018-05,8
84a833bffffffff-2018-10,2
84a833bffffffff-2019-04,3
84a833bffffffff-2019-05,8
84a833bffffffff-2019-10,6
84a833bffffffff-2020-10,1
84a833bffffffff-2021-05,1
84a833bffffffff-2022-09,9
84a833bffffffff-2022-11,1
84a834bffffffff-2019-05,1
84a8351ffffffff-2022-06,2
84a8351ffffffff-2023-05,1
84a8351ffffffff-2023-06,1
84a8351ffffffff-2023-10,4
84a8353ffffffff-2015-06,2
84a8353ffffffff-2015-07,1
84a8353ffffffff-2016-03,1
84a8353ffffffff-2016-05,1
84a8353ffffffff-2016-10,1
84a8353ffffffff-2017-03,4
84a8353ffffffff-2017-10,2
84a8353ffffffff-2017-11,1
84a8353ffffffff-2018-06,6
84a8353ffffffff-2018-07,1
84a8353ffffffff-2018-08,2
84a8353ffffffff-2018-10,2
84a8353ffffffff-2019-03,2
84a8353ffffffff-2019-05,4
84a8353ffffffff-2019-08,1
84a8353ffffffff-2019-11,2
84a8353ffffffff-2020-01,1
84a8353ffffffff-2020-02,2
84a8353ffffffff-2020-07,3
84a8353ffffffff-2020-10,2
84a8353ffffffff-2020-12,1
84a8353ffffffff-2021-02,1
84a8353ffffffff-2021-03,2
84a8353ffffffff-2021-04,1
84a8353ffffffff-2021-08,2
84a8353ffffffff-2021-12,7
84a8353ffffffff-2022-01,1
84a8353ffffffff-2022-02,4
84a8353ffffffff-2022-03,1
84a8353ffffffff-2022-05,1
84a8353ffffffff-2022-08,1
84a8353ffffffff-2022-09,2
84a8353ffffffff-2022-10,1
84a8353ffffffff-2023-01,1
84a8353ffffffff-2023-02,1
84a8353ffffffff-2023-03,2
84a8353ffffffff-2023-05,10
84a8353ffffffff-2023-06,7
84a8353ffffffff-2023-07,8
84a8353ffffffff-2023-08,9
84a8353ffffffff-2023-09,6
84a8353ffffffff-2023-10,16
84a8353ffffffff-2023-11,6
84a8357ffffffff-2015-05,1
84a8357ffffffff-2016-09,1
84a8357ffffffff-2016-12,1
84a8357ffffffff-2017-09,1
84a8357ffffffff-2018-06,1
84a8357ffffffff-2019-01,3
84a8357ffffffff-2019-11,1
84a8357ffffffff-2020-02,1
84a8357ffffffff-2020-06,1
84a8357ffffffff-2022-05,2
84a8357ffffffff-2023-05,1
84a8357ffffffff-2023-08,1
84a8357ffffffff-2023-09,7
84a8357ffffffff-2023-10,1
84a8359ffffffff-2016-05,1
84a8359ffffffff-2016-09,2
84a8359ffffffff-2017-11,1
84a8359ffffffff-2019-10,1
84a8359ffffffff-2020-05,1
84a8359ffffffff-2020-08,1
84a8359ffffffff-2021-05,1
84a8359ffffffff-2021-07,2
84a8359ffffffff-2021-08,2
84a8359ffffffff-2021-10,2
84a8359ffffffff-2022-03,1
84a8359ffffffff-2022-04,1
84a8359ffffffff-2022-06,1
84a8359ffffffff-2022-08,8
84a8359ffffffff-2022-11,1
84a8359ffffffff-2023-01,2
84a8359ffffffff-2023-02,1
84a8359ffffffff-2023-03,1
84a8359ffffffff-2023-04,3
84a8359ffffffff-2023-05,3
84a8359ffffffff-2023-06,1
84a8359ffffffff-2023-07,12
84a8359ffffffff-2023-08,3
84a8359ffffffff-2023-09,8
84a8359ffffffff-2023-10,8
84a8359ffffffff-2023-11,1
84a835bffffffff-2013-06,1
84a835bffffffff-2014-12,2
84a835bffffffff-2015-05,2
84a835bffffffff-2016-03,1
84a835bffffffff-2016-05,1
84a835bffffffff-2016-06,1
84a835bffffffff-2017-09,1
84a835bffffffff-2017-11,1
84a835bffffffff-2018-01,2
84a835bffffffff-2018-02,2
84a835bffffffff-2018-06,1
84a835bffffffff-2018-07,5
84a835bffffffff-2019-08,1
84a835bffffffff-2020-04,6
84a835bffffffff-2020-07,2
84a835bffffffff-2020-10,2
84a835bffffffff-2021-05,1
84a835bffffffff-2021-06,1
84a835bffffffff-2021-07,1
84a835bffffffff-2021-08,6
84a835bffffffff-2021-09,8
84a835bffffffff-2021-10,5
84a835bffffffff-2021-11,8
84a835bffffffff-2021-12,1
84a835bffffffff-2022-01,2
84a835bffffffff-2022-03,2
84a835bffffffff-2022-04,3
84a835bffffffff-2022-05,3
84a835bffffffff-2022-06,4
84a835bffffffff-2022-07,1
84a835bffffffff-2022-08,5
84a835bffffffff-2022-09,1
84a835bffffffff-2022-10,3
84a835bffffffff-2022-11,4
84a835bffffffff-2023-01,4
84a835bffffffff-2023-02,1
84a835bffffffff-2023-03,1
84a835bffffffff-2023-04,5
84a835bffffffff-2023-06,1
84a835bffffffff-2023-07,3
84a835bffffffff-2023-08,8
84a835bffffffff-2023-09,4
84a835bffffffff-2023-10,2
84a835bffffffff-2023-11,1
84a835dffffffff-2018-07,1
84a876dffffffff-2021-10,1
84a8801ffffffff-2016-12,1
84a8801ffffffff-2018-12,1
84a8801ffffffff-2019-07,1
84a8801ffffffff-2021-10,1
84a8803ffffffff-2023-07,1
84a8805ffffffff-2016-06,1
84a8805ffffffff-2016-08,1
84a8805ffffffff-2016-09,3
84a8805ffffffff-2016-10,1
84a8805ffffffff-2016-11,4
84a8805ffffffff-2017-02,1
84a8805ffffffff-2017-03,4
84a8805ffffffff-2017-04,2
84a8805ffffffff-2017-05,16
84a8805ffffffff-2017-07,4
84a8805ffffffff-2017-09,5
84a8805ffffffff-2018-01,1
84a8805ffffffff-2018-06,4
84a8805ffffffff-2019-12,1
84a8805ffffffff-2020-04,7
84a8805ffffffff-2020-05,10
84a8805ffffffff-2020-06,6
84a8805ffffffff-2020-07,3
84a8805ffffffff-2020-08,5
84a8805ffffffff-2020-11,2
84a8805ffffffff-2021-02,2
84a8805ffffffff-2021-04,8
84a8805ffffffff-2021-05,2
84a8805ffffffff-2021-06,8
84a8805ffffffff-2021-07,4
84a8805ffffffff-2021-10,4
84a8805ffffffff-2021-11,3
84a8805ffffffff-2022-01,1
84a8805ffffffff-2022-05,4
84a8805ffffffff-2022-07,2
84a8805ffffffff-2022-09,3
84a8805ffffffff-2022-10,8
84a8805ffffffff-2022-11,2
84a8805ffffffff-2022-12,4
84a8805ffffffff-2023-01,3
84a8805ffffffff-2023-02,2
84a8805ffffffff-2023-04,3
84a8805ffffffff-2023-06,6
84a8805ffffffff-2023-08,1
84a8807ffffffff-2018-05,1
84a8807ffffffff-2018-10,1
84a8807ffffffff-2019-03,2
84a8807ffffffff-2019-04,3
84a8807ffffffff-2019-05,1
84a8807ffffffff-2019-10,3
84a8807ffffffff-2019-11,3
84a8807ffffffff-2019-12,2
84a8807ffffffff-2020-01,4
84a8807ffffffff-2020-02,6
84a8807ffffffff-2020-03,4
84a8807ffffffff-2020-04,6
84a8807ffffffff-2020-05,6
84a8807ffffffff-2020-07,2
84a8807ffffffff-2020-09,2
84a8807ffffffff-2021-05,3
84a8807ffffffff-2023-04,1
84a8807ffffffff-2023-06,1
84a8807ffffffff-2023-07,1
84a8807ffffffff-2023-09,2
84a8807ffffffff-2023-10,1
84a8809ffffffff-2020-05,1
84a8809ffffffff-2021-04,1
84a8809ffffffff-2021-07,4
84a8809ffffffff-2022-04,3
84a8809ffffffff-2022-07,2
84a8809ffffffff-2022-11,7
84a880bffffffff-2013-07,1
84a880bffffffff-2015-02,1
84a880bffffffff-2015-04,1
84a880bffffffff-2015-05,1
84a880bffffffff-2015-06,1
84a880bffffffff-2016-06,1
84a880bffffffff-2016-10,1
84a880bffffffff-2017-06,1
84a880bffffffff-2017-10,1
84a880bffffffff-2018-12,1
84a880bffffffff-2019-04,2
84a880bffffffff-2019-05,1
84a880bffffffff-2019-10,1
84a880bffffffff-2019-12,1
84a880bffffffff-2020-05,1
84a880bffffffff-2021-10,1
84a880bffffffff-2022-10,2
84a880bffffffff-2023-07,3
84a880dffffffff-2018-04,1
84a880dffffffff-2019-06,1
84a880dffffffff-2019-09,1
84a880dffffffff-2019-10,1
84a880dffffffff-2020-02,3
84a880dffffffff-2020-03,1
84a880dffffffff-2020-05,1
84a880dffffffff-2020-06,1
84a880dffffffff-2020-07,2
84a880dffffffff-2020-08,1
84a880dffffffff-2020-09,1
84a880dffffffff-2020-10,5
84a880dffffffff-2020-12,2
84a880dffffffff-2021-01,3
84a880dffffffff-2021-02,4
84a880dffffffff-2021-03,2
84a880dffffffff-2021-04,2
84a880dffffffff-2021-05,1
84a880dffffffff-2021-06,2
84a880dffffffff-2021-07,1
84a880dffffffff-2021-08,2
84a880dffffffff-2021-10,1
84a880dffffffff-2021-12,2
84a880dffffffff-2022-05,1
84a880dffffffff-2022-06,6
84a880dffffffff-2022-07,7
84a880dffffffff-2022-08,1
84a880dffffffff-2022-09,6
84a880dffffffff-2022-10,8
84a880dffffffff-2022-11,3
84a880dffffffff-2022-12,1
84a880dffffffff-2023-02,2
84a880dffffffff-2023-03,2
84a880dffffffff-2023-04,4
84a880dffffffff-2023-05,3
84a880dffffffff-2023-06,5
84a880dffffffff-2023-07,3
84a880dffffffff-2023-08,3
84a880dffffffff-2023-09,2
84a880dffffffff-2023-10,1
84a880dffffffff-2023-11,1
84a8811ffffffff-2012-03,1
84a8811ffffffff-2013-11,2
84a8811ffffffff-2014-02,4
84a8811ffffffff-2014-10,7
84a8811ffffffff-2014-11,3
84a8811ffffffff-2015-01,1
84a8811ffffffff-2015-05,3
84a8811ffffffff-2015-08,2
84a8811ffffffff-2015-10,6
84a8811ffffffff-2015-12,10
84a8811ffffffff-2016-03,33
84a8811ffffffff-2016-06,1
84a8811ffffffff-2016-07,3
84a8811ffffffff-2016-08,3
84a8811ffffffff-2016-09,4
84a8811ffffffff-2016-10,9
84a8811ffffffff-2017-07,6
84a8811ffffffff-2017-08,6
84a8811ffffffff-2017-09,8
84a8811ffffffff-2017-10,47
84a8811ffffffff-2018-01,1
84a8811ffffffff-2018-03,2
84a8811ffffffff-2018-04,6
84a8811ffffffff-2018-05,2
84a8811ffffffff-2018-06,1
84a8811ffffffff-2018-08,5
84a8811ffffffff-2018-10,55
84a8811ffffffff-2018-11,17
84a8811ffffffff-2018-12,1
84a8811ffffffff-2019-05,4
84a8811ffffffff-2019-07,1
84a8811ffffffff-2019-08,1
84a8811ffffffff-2019-09,3
84a8811ffffffff-2019-10,14
84a8811ffffffff-2019-11,19
84a8811ffffffff-2019-12,6
84a8811ffffffff-2020-01,18
84a8811ffffffff-2020-02,16
84a8811ffffffff-2020-08,2
84a8811ffffffff-2020-09,1
84a8811ffffffff-2020-10,9
84a8811ffffffff-2020-11,3
84a8811ffffffff-2021-01,2
84a8811ffffffff-2021-03,1
84a8811ffffffff-2021-06,6
84a8811ffffffff-2021-08,4
84a8811ffffffff-2021-11,1
84a8811ffffffff-2022-03,5
84a8811ffffffff-2022-06,14
84a8811ffffffff-2022-07,1
84a8811ffffffff-2022-08,13
84a8811ffffffff-2022-09,57
84a8811ffffffff-2022-10,63
84a8811ffffffff-2022-11,23
84a8811ffffffff-2022-12,3
84a8811ffffffff-2023-01,6
84a8811ffffffff-2023-03,7
84a8811ffffffff-2023-04,7
84a8811ffffffff-2023-07,3
84a8811ffffffff-2023-08,6
84a8811ffffffff-2023-09,8
84a8811ffffffff-2023-10,43
84a8811ffffffff-2023-11,1
84a8813ffffffff-2019-08,1
84a8813ffffffff-2019-12,1
84a8813ffffffff-2021-08,1
84a8813ffffffff-2022-09,1
84a8813ffffffff-2022-10,2
84a8813ffffffff-2022-11,4
84a8813ffffffff-2022-12,2
84a8813ffffffff-2023-01,1
84a8813ffffffff-2023-02,3
84a8813ffffffff-2023-06,1
84a8813ffffffff-2023-07,1
84a8813ffffffff-2023-09,4
84a8813ffffffff-2023-10,2
84a8815ffffffff-2015-01,3
84a8815ffffffff-2016-02,3
84a8815ffffffff-2017-05,1
84a8815ffffffff-2018-11,2
84a8815ffffffff-2020-10,1
84a8815ffffffff-2021-12,1
84a8815ffffffff-2023-08,1
84a8817ffffffff-2022-04,2
84a8817ffffffff-2022-08,2
84a8817ffffffff-2022-09,6
84a8817ffffffff-2022-10,2
84a8817ffffffff-2022-12,1
84a8817ffffffff-2023-02,4
84a8817ffffffff-2023-03,4
84a8817ffffffff-2023-07,2
84a8817ffffffff-2023-08,1
84a8817ffffffff-2023-09,1
84a8819ffffffff-2015-08,1
84a8819ffffffff-2016-03,2
84a8819ffffffff-2016-05,2
84a8819ffffffff-2016-09,2
84a8819ffffffff-2017-12,1
84a8819ffffffff-2018-09,1
84a8819ffffffff-2018-10,4
84a8819ffffffff-2019-01,1
84a8819ffffffff-2019-04,2
84a8819ffffffff-2019-07,5
84a8819ffffffff-2019-08,1
84a8819ffffffff-2019-09,1
84a8819ffffffff-2019-10,3
84a8819ffffffff-2019-11,8
84a8819ffffffff-2020-02,4
84a8819ffffffff-2021-01,6
84a8819ffffffff-2021-05,2
84a8819ffffffff-2021-06,4
84a8819ffffffff-2021-07,2
84a8819ffffffff-2021-10,1
84a8819ffffffff-2021-12,6
84a8819ffffffff-2022-01,2
84a8819ffffffff-2022-03,1
84a8819ffffffff-2022-04,2
84a8819ffffffff-2022-05,3
84a8819ffffffff-2022-06,1
84a8819ffffffff-2022-07,2
84a8819ffffffff-2022-08,1
84a8819ffffffff-2022-10,1
84a8819ffffffff-2022-12,1
84a8819ffffffff-2023-01,1
84a8819ffffffff-2023-02,3
84a8819ffffffff-2023-05,8
84a8819ffffffff-2023-06,3
84a8819ffffffff-2023-07,1
84a8819ffffffff-2023-08,3
84a8819ffffffff-2023-09,5
84a8819ffffffff-2023-10,4
84a881bffffffff-2013-07,1
84a881bffffffff-2014-06,1
84a881bffffffff-2015-05,1
84a881bffffffff-2015-07,1
84a881bffffffff-2015-10,2
84a881bffffffff-2016-05,4
84a881bffffffff-2016-08,4
84a881bffffffff-2016-09,4
84a881bffffffff-2016-10,1
84a881bffffffff-2017-01,5
84a881bffffffff-2017-02,2
84a881bffffffff-2017-05,1
84a881bffffffff-2017-07,1
84a881bffffffff-2017-08,2
84a881bffffffff-2017-12,1
84a881bffffffff-2018-01,1
84a881bffffffff-2018-06,2
84a881bffffffff-2018-09,1
84a881bffffffff-2018-10,1
84a881bffffffff-2019-01,1
84a881bffffffff-2019-02,1
84a881bffffffff-2019-06,3
84a881bffffffff-2019-08,2
84a881bffffffff-2019-12,1
84a881bffffffff-2020-01,2
84a881bffffffff-2020-05,1
84a881bffffffff-2020-08,3
84a881bffffffff-2020-09,1
84a881bffffffff-2020-10,6
84a881bffffffff-2020-11,1
84a881bffffffff-2021-01,1
84a881bffffffff-2021-02,2
84a881bffffffff-2021-05,11
84a881bffffffff-2021-06,2
84a881bffffffff-2021-07,1
84a881bffffffff-2021-09,2
84a881bffffffff-2021-10,2
84a881bffffffff-2021-11,1
84a881bffffffff-2021-12,2
84a881bffffffff-2022-01,3
84a881bffffffff-2022-02,1
84a881bffffffff-2022-03,5
84a881bffffffff-2022-04,2
84a881bffffffff-2022-05,3
84a881bffffffff-2022-06,3
84a881bffffffff-2022-07,5
84a881bffffffff-2022-08,9
84a881bffffffff-2022-09,6
84a881bffffffff-2022-10,10
84a881bffffffff-2022-11,6
84a881bffffffff-2022-12,1
84a881bffffffff-2023-01,5
84a881bffffffff-2023-02,7
84a881bffffffff-2023-03,6
84a881bffffffff-2023-04,6
84a881bffffffff-2023-05,1
84a881bffffffff-2023-07,8
84a881bffffffff-2023-08,9
84a881bffffffff-2023-09,1
84a881bffffffff-2023-10,7
84a881bffffffff-2023-11,4
84a8821ffffffff-2015-05,1
84a8821ffffffff-2015-08,1
84a8821ffffffff-2016-10,1
84a8821ffffffff-2020-08,2
84a8821ffffffff-2020-09,5
84a8821ffffffff-2021-05,2
84a8821ffffffff-2021-06,1
84a8823ffffffff-2015-08,1
84a8823ffffffff-2018-10,1
84a8823ffffffff-2022-02,2
84a8823ffffffff-2023-02,2
84a8825ffffffff-2014-09,1
84a8825ffffffff-2014-11,1
84a8825ffffffff-2015-02,2
84a8825ffffffff-2015-05,2
84a8825ffffffff-2015-11,3
84a8825ffffffff-2016-06,4
84a8825ffffffff-2016-08,1
84a8825ffffffff-2016-09,1
84a8825ffffffff-2016-10,2
84a8825ffffffff-2016-11,2
84a8825ffffffff-2017-03,3
84a8825ffffffff-2017-05,1
84a8825ffffffff-2018-09,1
84a8825ffffffff-2019-08,1
84a8825ffffffff-2022-06,1
84a8825ffffffff-2023-06,2
84a8825ffffffff-2023-07,1
84a8825ffffffff-2023-09,1
84a8829ffffffff-2017-07,2
84a8829ffffffff-2019-01,1
84a8829ffffffff-2019-06,1
84a8829ffffffff-2019-09,5
84a8829ffffffff-2022-08,1
84a8829ffffffff-2022-09,1
84a8829ffffffff-2022-10,1
84a8829ffffffff-2023-06,1
84a8829ffffffff-2023-08,1
84a8829ffffffff-2023-10,1
84a882bffffffff-2015-02,1
84a882bffffffff-2020-06,2
84a882bffffffff-2021-01,1
84a882bffffffff-2021-11,1
84a882bffffffff-2023-11,1
84a882dffffffff-2012-11,1
84a882dffffffff-2014-11,2
84a882dffffffff-2015-05,1
84a882dffffffff-2015-11,1
84a882dffffffff-2016-03,1
84a882dffffffff-2016-09,1
84a882dffffffff-2016-10,3
84a882dffffffff-2017-07,2
84a882dffffffff-2017-09,2
84a882dffffffff-2017-10,1
84a882dffffffff-2018-01,4
84a882dffffffff-2018-03,8
84a882dffffffff-2018-05,2
84a882dffffffff-2018-06,1
84a882dffffffff-2018-07,1
84a882dffffffff-2018-08,1
84a882dffffffff-2018-10,1
84a882dffffffff-2019-05,1
84a882dffffffff-2019-07,18
84a882dffffffff-2019-09,7
84a882dffffffff-2019-10,5
84a882dffffffff-2020-01,1
84a882dffffffff-2020-06,1
84a882dffffffff-2020-09,1
84a882dffffffff-2020-10,4
84a882dffffffff-2020-11,1
84a882dffffffff-2020-12,1
84a882dffffffff-2021-02,3
84a882dffffffff-2021-06,2
84a882dffffffff-2021-07,1
84a882dffffffff-2021-08,2
84a882dffffffff-2021-09,3
84a882dffffffff-2021-10,4
84a882dffffffff-2021-12,1
84a882dffffffff-2022-03,1
84a882dffffffff-2022-05,2
84a882dffffffff-2022-06,3
84a882dffffffff-2022-07,4
84a882dffffffff-2022-08,14
84a882dffffffff-2022-09,10
84a882dffffffff-2022-10,26
84a882dffffffff-2022-11,5
84a882dffffffff-2022-12,6
84a882dffffffff-2023-01,1
84a882dffffffff-2023-03,2
84a882dffffffff-2023-06,1
84a882dffffffff-2023-07,3
84a882dffffffff-2023-08,9
84a882dffffffff-2023-09,13
84a882dffffffff-2023-10,21
84a882dffffffff-2023-11,33
84a8831ffffffff-2013-07,1
84a8831ffffffff-2015-05,1
84a8831ffffffff-2015-08,1
84a8831ffffffff-2015-09,1
84a8831ffffffff-2015-10,2
84a8831ffffffff-2016-05,2
84a8831ffffffff-2016-10,2
84a8831ffffffff-2017-06,1
84a8831ffffffff-2017-08,2
84a8831ffffffff-2018-02,1
84a8831ffffffff-2018-05,2
84a8831ffffffff-2018-06,1
84a8831ffffffff-2018-07,1
84a8831ffffffff-2018-09,1
84a8831ffffffff-2018-10,3
84a8831ffffffff-2019-01,2
84a8831ffffffff-2019-04,4
84a8831ffffffff-2019-11,1
84a8831ffffffff-2020-02,2
84a8831ffffffff-2020-05,1
84a8831ffffffff-2020-10,1
84a8831ffffffff-2021-11,1
84a8831ffffffff-2022-02,2
84a8831ffffffff-2022-10,1
84a8831ffffffff-2022-11,1
84a8831ffffffff-2022-12,3
84a8831ffffffff-2023-02,1
84a8831ffffffff-2023-07,2
84a8831ffffffff-2023-09,2
84a8831ffffffff-2023-10,5
84a8833ffffffff-2017-03,2
84a8833ffffffff-2017-08,4
84a8833ffffffff-2021-10,2
84a8833ffffffff-2022-05,1
84a8833ffffffff-2022-12,1
84a8833ffffffff-2023-07,1
84a8839ffffffff-2018-09,1
84a8839ffffffff-2020-10,1
84a8839ffffffff-2022-07,4
84a8839ffffffff-2022-09,5
84a8839ffffffff-2022-10,1
84a8839ffffffff-2022-12,3
84a8839ffffffff-2023-07,1
84a8839ffffffff-2023-08,4
84a8839ffffffff-2023-10,3
84a883bffffffff-2013-07,1
84a883bffffffff-2013-09,3
84a883bffffffff-2016-10,1
84a883bffffffff-2017-03,8
84a883bffffffff-2017-05,1
84a883bffffffff-2017-07,2
84a883bffffffff-2019-04,1
84a883bffffffff-2019-07,14
84a883bffffffff-2021-08,3
84a883bffffffff-2021-09,3
84a883bffffffff-2021-10,7
84a883bffffffff-2021-11,1
84a883bffffffff-2021-12,5
84a883bffffffff-2022-01,2
84a883bffffffff-2022-03,1
84a883bffffffff-2022-08,7
84a883bffffffff-2022-09,1
84a883bffffffff-2022-10,2
84a883bffffffff-2022-12,5
84a883bffffffff-2023-01,4
84a883bffffffff-2023-05,1
84a883bffffffff-2023-06,1
84a883bffffffff-2023-07,4
84a883bffffffff-2023-08,10
84a883bffffffff-2023-09,5
84a883bffffffff-2023-10,3
84a883bffffffff-2023-11,1
84a883dffffffff-2017-09,1
84a883dffffffff-2020-02,1
84a883dffffffff-2020-05,2
84a883dffffffff-2020-10,1
84a883dffffffff-2023-11,1
84a8841ffffffff-2019-05,1
84a8843ffffffff-2023-08,2
84a8845ffffffff-2020-09,1
84a8847ffffffff-2021-11,1
84a8849ffffffff-2012-09,4
84a8849ffffffff-2013-09,5
84a8849ffffffff-2013-10,1
84a8849ffffffff-2014-12,1
84a8849ffffffff-2015-07,1
84a8849ffffffff-2015-10,10
84a8849ffffffff-2015-11,8
84a8849ffffffff-2016-01,1
84a8849ffffffff-2016-02,1
84a8849ffffffff-2016-03,1
84a8849ffffffff-2016-05,3
84a8849ffffffff-2016-09,48
84a8849ffffffff-2016-10,93
84a8849ffffffff-2016-11,5
84a8849ffffffff-2017-01,13
84a8849ffffffff-2017-02,3
84a8849ffffffff-2017-04,2
84a8849ffffffff-2017-07,13
84a8849ffffffff-2017-08,3
84a8849ffffffff-2017-09,1
84a8849ffffffff-2017-11,1
84a8849ffffffff-2018-08,5
84a8849ffffffff-2018-09,7
84a8849ffffffff-2018-10,16
84a8849ffffffff-2018-11,25
84a8849ffffffff-2018-12,4
84a8849ffffffff-2019-01,6
84a8849ffffffff-2019-03,5
84a8849ffffffff-2019-06,5
84a8849ffffffff-2019-08,2
84a8849ffffffff-2019-09,13
84a8849ffffffff-2019-10,17
84a8849ffffffff-2019-11,50
84a8849ffffffff-2019-12,40
84a8849ffffffff-2020-01,6
84a8849ffffffff-2020-02,19
84a8849ffffffff-2020-03,3
84a8849ffffffff-2020-10,2
84a8849ffffffff-2020-11,3
84a8849ffffffff-2021-01,3
84a8849ffffffff-2021-05,9
84a8849ffffffff-2021-06,1
84a8849ffffffff-2021-07,1
84a8849ffffffff-2021-08,4
84a8849ffffffff-2021-10,2
84a8849ffffffff-2022-02,14
84a8849ffffffff-2022-03,3
84a8849ffffffff-2022-04,2
84a8849ffffffff-2022-05,6
84a8849ffffffff-2022-07,3
84a8849ffffffff-2022-08,6
84a8849ffffffff-2022-09,13
84a8849ffffffff-2022-10,83
84a8849ffffffff-2022-11,3
84a8849ffffffff-2022-12,6
84a8849ffffffff-2023-01,44
84a8849ffffffff-2023-03,3
84a8849ffffffff-2023-05,3
84a8849ffffffff-2023-06,9
84a8849ffffffff-2023-07,11
84a8849ffffffff-2023-08,9
84a8849ffffffff-2023-09,10
84a8849ffffffff-2023-10,57
84a8849ffffffff-2023-11,50
84a884dffffffff-2015-05,1
84a884dffffffff-2015-10,1
84a884dffffffff-2016-06,3
84a884dffffffff-2017-05,2
84a884dffffffff-2019-04,14
84a884dffffffff-2019-10,2
84a884dffffffff-2020-01,1
84a884dffffffff-2020-04,1
84a884dffffffff-2020-09,1
84a884dffffffff-2020-10,3
84a884dffffffff-2020-12,2
84a884dffffffff-2021-02,1
84a884dffffffff-2021-05,1
84a884dffffffff-2021-08,3
84a884dffffffff-2022-07,1
84a884dffffffff-2023-09,1
84a884dffffffff-2023-10,9
84a8851ffffffff-2017-11,1
84a8851ffffffff-2022-01,1
84a8851ffffffff-2022-07,1
84a8851ffffffff-2022-08,1
84a8851ffffffff-2022-09,7
84a8851ffffffff-2023-02,1
84a8851ffffffff-2023-03,1
84a8851ffffffff-2023-07,3
84a8851ffffffff-2023-08,5
84a8851ffffffff-2023-09,1
84a8851ffffffff-2023-11,1
84a8853ffffffff-2017-04,1
84a8853ffffffff-2020-07,1
84a8853ffffffff-2022-01,1
84a8853ffffffff-2022-03,7
84a8853ffffffff-2022-04,9
84a8853ffffffff-2022-05,13
84a8853ffffffff-2022-06,8
84a8853ffffffff-2022-07,8
84a8853ffffffff-2022-08,14
84a8853ffffffff-2022-09,3
84a8853ffffffff-2022-10,1
84a8853ffffffff-2022-11,2
84a8853ffffffff-2022-12,1
84a8853ffffffff-2023-01,1
84a8853ffffffff-2023-02,2
84a8853ffffffff-2023-03,1
84a8855ffffffff-2018-05,1
84a8855ffffffff-2023-01,1
84a8857ffffffff-2022-08,1
84a8857ffffffff-2022-09,12
84a8857ffffffff-2022-11,6
84a8857ffffffff-2023-02,2
84a8857ffffffff-2023-03,1
84a8857ffffffff-2023-04,1
84a8857ffffffff-2023-05,3
84a8857ffffffff-2023-08,3
84a8859ffffffff-2017-11,1
84a8859ffffffff-2020-06,1
84a8859ffffffff-2020-08,1
84a8859ffffffff-2021-02,1
84a8859ffffffff-2021-04,1
84a8859ffffffff-2021-06,1
84a8859ffffffff-2021-10,1
84a8859ffffffff-2022-04,1
84a8859ffffffff-2022-08,1
84a8859ffffffff-2023-03,3
84a8859ffffffff-2023-04,2
84a885bffffffff-2016-08,1
84a885bffffffff-2020-06,1
84a885bffffffff-2022-09,1
84a885dffffffff-2021-07,1
84a885dffffffff-2022-07,3
84a885dffffffff-2022-09,2
84a885dffffffff-2022-10,1
84a885dffffffff-2022-11,3
84a885dffffffff-2022-12,2
84a885dffffffff-2023-02,2
84a885dffffffff-2023-03,2
84a885dffffffff-2023-04,1
84a885dffffffff-2023-05,1
84a885dffffffff-2023-07,1
84a885dffffffff-2023-08,2
84a885dffffffff-2023-09,4
84a885dffffffff-2023-10,5
84a885dffffffff-2023-11,5
84a8863ffffffff-2018-02,4
84a8863ffffffff-2018-03,2
84a8863ffffffff-2018-04,1
84a8863ffffffff-2020-08,1
84a8863ffffffff-2020-10,4
84a8863ffffffff-2021-03,2
84a8863ffffffff-2021-04,1
84a8863ffffffff-2021-06,1
84a8863ffffffff-2021-07,1
84a8863ffffffff-2021-10,2
84a8863ffffffff-2021-11,4
84a8863ffffffff-2021-12,1
84a8863ffffffff-2022-01,1
84a8863ffffffff-2022-02,2
84a8863ffffffff-2022-07,2
84a8863ffffffff-2022-09,2
84a8863ffffffff-2022-10,2
84a8863ffffffff-2023-01,2
84a8863ffffffff-2023-02,3
84a8863ffffffff-2023-05,2
84a8863ffffffff-2023-06,2
84a8863ffffffff-2023-07,3
84a8863ffffffff-2023-08,2
84a8863ffffffff-2023-09,1
84a8863ffffffff-2023-10,5
84a8867ffffffff-2012-11,2
84a8867ffffffff-2015-05,1
84a8867ffffffff-2018-04,2
84a8867ffffffff-2018-10,2
84a8867ffffffff-2020-05,1
84a8867ffffffff-2021-06,2
84a8867ffffffff-2022-09,1
84a8867ffffffff-2022-10,2
84a8867ffffffff-2023-03,2
84a8867ffffffff-2023-04,3
84a8867ffffffff-2023-05,2
84a8867ffffffff-2023-06,1
84a8867ffffffff-2023-07,2
84a8867ffffffff-2023-08,2
84a8867ffffffff-2023-09,2
84a8867ffffffff-2023-10,1
84a8867ffffffff-2023-11,1
84a88a5ffffffff-2022-03,2
84a88c1ffffffff-2021-04,1
84a88cdffffffff-2015-05,1
84a88cdffffffff-2016-07,1
84a88cdffffffff-2016-09,2
84a88cdffffffff-2018-10,1
84a88cdffffffff-2021-06,1
84a88cdffffffff-2022-04,1
84a88cdffffffff-2022-10,1
84a88cdffffffff-2023-06,1
84a88cdffffffff-2023-08,1
84a88cdffffffff-2023-10,2
84a88cdffffffff-2023-11,1
84a88ddffffffff-2023-06,2
84a88e5ffffffff-2019-12,1
84a88e7ffffffff-2015-12,1
84a88e7ffffffff-2016-05,1
84a88e9ffffffff-2022-01,1
84a88edffffffff-2022-07,1
84a88edffffffff-2023-01,1
84a8917ffffffff-2023-11,1
84a8919ffffffff-2013-11,1
84a8919ffffffff-2015-03,2
84a8919ffffffff-2015-11,2
84a8919ffffffff-2016-05,1
84a8919ffffffff-2017-06,1
84a8919ffffffff-2018-02,1
84a8919ffffffff-2018-05,1
84a8919ffffffff-2018-09,3
84a8919ffffffff-2018-10,3
84a8919ffffffff-2018-11,2
84a8919ffffffff-2019-05,1
84a8919ffffffff-2019-06,2
84a8919ffffffff-2019-07,2
84a8919ffffffff-2019-10,3
84a8919ffffffff-2020-06,3
84a8919ffffffff-2020-09,2
84a8919ffffffff-2020-10,5
84a8919ffffffff-2020-11,2
84a8919ffffffff-2020-12,1
84a8919ffffffff-2021-02,1
84a8919ffffffff-2021-04,2
84a8919ffffffff-2021-05,1
84a8919ffffffff-2021-09,1
84a8919ffffffff-2021-10,2
84a8919ffffffff-2022-01,2
84a8919ffffffff-2022-05,1
84a8919ffffffff-2022-07,3
84a8919ffffffff-2022-09,5
84a8919ffffffff-2022-10,11
84a8919ffffffff-2022-11,5
84a8919ffffffff-2023-01,2
84a8919ffffffff-2023-02,3
84a8919ffffffff-2023-03,2
84a8919ffffffff-2023-04,5
84a8919ffffffff-2023-05,5
84a8919ffffffff-2023-06,5
84a8919ffffffff-2023-08,4
84a8919ffffffff-2023-09,5
84a8919ffffffff-2023-10,15
84a8919ffffffff-2023-11,8
84a891bffffffff-2015-10,2
84a891bffffffff-2023-02,1
84a8953ffffffff-2016-05,1
84a8953ffffffff-2017-03,2
84a8953ffffffff-2017-09,1
84a8953ffffffff-2018-02,1
84a8953ffffffff-2018-05,1
84a8953ffffffff-2018-07,2
84a8953ffffffff-2019-07,2
84a8953ffffffff-2019-09,1
84a8953ffffffff-2019-11,2
84a8953ffffffff-2019-12,2
84a8953ffffffff-2020-02,1
84a8953ffffffff-2020-05,1
84a8953ffffffff-2020-06,1
84a8953ffffffff-2020-07,3
84a8953ffffffff-2020-08,2
84a8953ffffffff-2020-09,3
84a8953ffffffff-2020-10,2
84a8953ffffffff-2020-11,3
84a8953ffffffff-2020-12,2
84a8953ffffffff-2021-01,1
84a8953ffffffff-2021-04,1
84a8953ffffffff-2021-05,10
84a8953ffffffff-2021-06,4
84a8953ffffffff-2021-07,2
84a8953ffffffff-2021-08,4
84a8953ffffffff-2021-09,2
84a8953ffffffff-2021-10,3
84a8953ffffffff-2021-11,3
84a8953ffffffff-2021-12,2
84a8953ffffffff-2022-01,4
84a8953ffffffff-2022-02,2
84a8953ffffffff-2022-05,1
84a8953ffffffff-2022-06,1
84a8953ffffffff-2022-07,1
84a8953ffffffff-2022-08,5
84a8953ffffffff-2022-09,9
84a8953ffffffff-2022-11,5
84a8953ffffffff-2022-12,2
84a8953ffffffff-2023-01,1
84a8953ffffffff-2023-02,2
84a8953ffffffff-2023-07,6
84a8953ffffffff-2023-08,2
84a8953ffffffff-2023-09,4
84a8953ffffffff-2023-10,1
84a8953ffffffff-2023-11,1
84a8957ffffffff-2023-08,1
84a895bffffffff-2014-10,5
84a895bffffffff-2020-08,1
84a895bffffffff-2022-07,1
84a89bdffffffff-2018-10,1
84a89c9ffffffff-2019-07,1
84a89d3ffffffff-2021-01,1
84a8a03ffffffff-2016-08,1
84a8a03ffffffff-2017-06,1
84a8a03ffffffff-2017-07,3
84a8a03ffffffff-2018-04,1
84a8a03ffffffff-2022-09,1
84a8a07ffffffff-2012-02,2
84a8a07ffffffff-2012-04,1
84a8a07ffffffff-2012-11,1
84a8a07ffffffff-2014-04,1
84a8a07ffffffff-2014-09,1
84a8a07ffffffff-2016-08,2
84a8a07ffffffff-2016-09,2
84a8a07ffffffff-2016-11,1
84a8a07ffffffff-2017-02,1
84a8a07ffffffff-2017-07,1
84a8a07ffffffff-2017-10,1
84a8a07ffffffff-2018-01,1
84a8a07ffffffff-2018-05,1
84a8a07ffffffff-2019-08,1
84a8a07ffffffff-2019-12,4
84a8a07ffffffff-2020-12,2
84a8a07ffffffff-2021-11,1
84a8a07ffffffff-2022-07,2
84a8a07ffffffff-2022-08,1
84a8a07ffffffff-2022-11,1
84a8a07ffffffff-2023-11,1
84a8a11ffffffff-2015-05,11
84a8a11ffffffff-2015-10,2
84a8a11ffffffff-2016-07,1
84a8a11ffffffff-2016-12,2
84a8a11ffffffff-2017-01,3
84a8a11ffffffff-2017-02,4
84a8a11ffffffff-2017-04,1
84a8a11ffffffff-2017-05,1
84a8a11ffffffff-2017-07,2
84a8a11ffffffff-2017-10,1
84a8a11ffffffff-2018-01,2
84a8a11ffffffff-2018-02,1
84a8a11ffffffff-2018-03,2
84a8a11ffffffff-2018-07,2
84a8a11ffffffff-2018-11,1
84a8a11ffffffff-2019-07,1
84a8a11ffffffff-2019-09,1
84a8a11ffffffff-2019-10,4
84a8a11ffffffff-2019-12,1
84a8a11ffffffff-2020-01,4
84a8a11ffffffff-2020-02,1
84a8a11ffffffff-2020-07,1
84a8a11ffffffff-2020-09,2
84a8a11ffffffff-2021-01,1
84a8a11ffffffff-2021-03,2
84a8a11ffffffff-2021-05,4
84a8a11ffffffff-2021-06,2
84a8a11ffffffff-2021-07,1
84a8a11ffffffff-2021-09,3
84a8a11ffffffff-2021-10,2
84a8a11ffffffff-2022-01,2
84a8a11ffffffff-2022-02,1
84a8a11ffffffff-2022-03,2
84a8a11ffffffff-2022-10,1
84a8a11ffffffff-2022-11,4
84a8a11ffffffff-2022-12,1
84a8a11ffffffff-2023-04,2
84a8a11ffffffff-2023-07,2
84a8a11ffffffff-2023-08,2
84a8a11ffffffff-2023-09,10
84a8a11ffffffff-2023-10,4
84a8a11ffffffff-2023-11,3
84a8a13ffffffff-2012-02,1
84a8a13ffffffff-2012-03,1
84a8a13ffffffff-2012-06,1
84a8a13ffffffff-2012-08,1
84a8a13ffffffff-2012-09,20
84a8a13ffffffff-2012-10,3
84a8a13ffffffff-2012-11,4
84a8a13ffffffff-2012-12,2
84a8a13ffffffff-2013-03,1
84a8a13ffffffff-2013-04,8
84a8a13ffffffff-2013-05,1
84a8a13ffffffff-2013-06,1
84a8a13ffffffff-2013-08,1
84a8a13ffffffff-2013-09,7
84a8a13ffffffff-2013-10,3
84a8a13ffffffff-2013-11,12
84a8a13ffffffff-2014-06,1
84a8a13ffffffff-2014-07,9
84a8a13ffffffff-2014-08,5
84a8a13ffffffff-2014-09,5
84a8a13ffffffff-2014-10,36
84a8a13ffffffff-2014-11,4
84a8a13ffffffff-2014-12,14
84a8a13ffffffff-2015-02,2
84a8a13ffffffff-2015-03,9
84a8a13ffffffff-2015-04,1
84a8a13ffffffff-2015-05,4
84a8a13ffffffff-2015-06,32
84a8a13ffffffff-2015-07,38
84a8a13ffffffff-2015-08,6
84a8a13ffffffff-2015-09,4
84a8a13ffffffff-2015-10,15
84a8a13ffffffff-2015-11,13
84a8a13ffffffff-2016-01,1
84a8a13ffffffff-2016-02,1
84a8a13ffffffff-2016-03,1
84a8a13ffffffff-2016-05,6
84a8a13ffffffff-2016-06,8
84a8a13ffffffff-2016-07,7
84a8a13ffffffff-2016-08,9
84a8a13ffffffff-2016-09,2
84a8a13ffffffff-2016-10,13
84a8a13ffffffff-2016-11,12
84a8a13ffffffff-2016-12,13
84a8a13ffffffff-2017-01,5
84a8a13ffffffff-2017-02,1
84a8a13ffffffff-2017-03,12
84a8a13ffffffff-2017-04,5
84a8a13ffffffff-2017-05,10
84a8a13ffffffff-2017-07,27
84a8a13ffffffff-2017-08,25
84a8a13ffffffff-2017-09,26
84a8a13ffffffff-2017-10,7
84a8a13ffffffff-2017-11,2
84a8a13ffffffff-2017-12,5
84a8a13ffffffff-2018-01,3
84a8a13ffffffff-2018-02,8
84a8a13ffffffff-2018-03,1
84a8a13ffffffff-2018-04,11
84a8a13ffffffff-2018-05,9
84a8a13ffffffff-2018-06,7
84a8a13ffffffff-2018-07,39
84a8a13ffffffff-2018-08,42
84a8a13ffffffff-2018-09,11
84a8a13ffffffff-2018-10,68
84a8a13ffffffff-2018-11,45
84a8a13ffffffff-2018-12,12
84a8a13ffffffff-2019-01,5
84a8a13ffffffff-2019-02,5
84a8a13ffffffff-2019-03,5
84a8a13ffffffff-2019-04,7
84a8a13ffffffff-2019-05,4
84a8a13ffffffff-2019-06,29
84a8a13ffffffff-2019-07,35
84a8a13ffffffff-2019-08,31
84a8a13ffffffff-2019-09,70
84a8a13ffffffff-2019-10,87
84a8a13ffffffff-2019-11,36
84a8a13ffffffff-2019-12,3
84a8a13ffffffff-2020-01,18
84a8a13ffffffff-2020-02,15
84a8a13ffffffff-2020-03,5
84a8a13ffffffff-2020-05,1
84a8a13ffffffff-2020-06,9
84a8a13ffffffff-2020-07,7
84a8a13ffffffff-2020-08,6
84a8a13ffffffff-2020-09,7
84a8a13ffffffff-2020-10,9
84a8a13ffffffff-2020-11,15
84a8a13ffffffff-2020-12,8
84a8a13ffffffff-2021-01,15
84a8a13ffffffff-2021-02,10
84a8a13ffffffff-2021-03,3
84a8a13ffffffff-2021-04,2
84a8a13ffffffff-2021-05,7
84a8a13ffffffff-2021-06,23
84a8a13ffffffff-2021-07,14
84a8a13ffffffff-2021-08,2
84a8a13ffffffff-2021-09,28
84a8a13ffffffff-2021-10,30
84a8a13ffffffff-2021-11,12
84a8a13ffffffff-2021-12,35
84a8a13ffffffff-2022-01,5
84a8a13ffffffff-2022-02,18
84a8a13ffffffff-2022-03,10
84a8a13ffffffff-2022-04,5
84a8a13ffffffff-2022-05,19
84a8a13ffffffff-2022-06,28
84a8a13ffffffff-2022-07,152
84a8a13ffffffff-2022-08,42
84a8a13ffffffff-2022-09,42
84a8a13ffffffff-2022-10,126
84a8a13ffffffff-2022-11,65
84a8a13ffffffff-2022-12,45
84a8a13ffffffff-2023-01,17
84a8a13ffffffff-2023-02,4
84a8a13ffffffff-2023-03,20
84a8a13ffffffff-2023-04,36
84a8a13ffffffff-2023-05,25
84a8a13ffffffff-2023-06,31
84a8a13ffffffff-2023-07,103
84a8a13ffffffff-2023-08,67
84a8a13ffffffff-2023-09,100
84a8a13ffffffff-2023-10,109
84a8a13ffffffff-2023-11,91
84a8a15ffffffff-2016-05,1
84a8a15ffffffff-2018-01,4
84a8a15ffffffff-2018-07,1
84a8a15ffffffff-2018-08,4
84a8a15ffffffff-2018-09,2
84a8a15ffffffff-2019-04,2
84a8a15ffffffff-2019-06,3
84a8a15ffffffff-2019-08,2
84a8a15ffffffff-2019-10,1
84a8a15ffffffff-2020-01,2
84a8a15ffffffff-2020-02,1
84a8a15ffffffff-2020-07,2
84a8a15ffffffff-2020-08,2
84a8a15ffffffff-2020-10,5
84a8a15ffffffff-2020-11,1
84a8a15ffffffff-2021-01,3
84a8a15ffffffff-2021-02,2
84a8a15ffffffff-2021-03,1
84a8a15ffffffff-2021-05,2
84a8a15ffffffff-2021-09,1
84a8a15ffffffff-2021-10,1
84a8a15ffffffff-2021-12,1
84a8a15ffffffff-2022-04,1
84a8a15ffffffff-2022-05,1
84a8a15ffffffff-2022-06,8
84a8a15ffffffff-2022-07,2
84a8a15ffffffff-2022-08,3
84a8a15ffffffff-2022-09,7
84a8a15ffffffff-2022-10,2
84a8a15ffffffff-2022-11,2
84a8a15ffffffff-2023-05,3
84a8a15ffffffff-2023-08,1
84a8a15ffffffff-2023-09,4
84a8a15ffffffff-2023-10,4
84a8a15ffffffff-2023-11,1
84a8a17ffffffff-2014-08,1
84a8a17ffffffff-2015-02,8
84a8a17ffffffff-2015-05,1
84a8a17ffffffff-2015-06,2
84a8a17ffffffff-2015-07,4
84a8a17ffffffff-2016-02,1
84a8a17ffffffff-2016-07,1
84a8a17ffffffff-2016-08,1
84a8a17ffffffff-2016-10,2
84a8a17ffffffff-2016-12,2
84a8a17ffffffff-2017-01,1
84a8a17ffffffff-2017-02,3
84a8a17ffffffff-2017-03,1
84a8a17ffffffff-2017-04,2
84a8a17ffffffff-2017-09,1
84a8a17ffffffff-2018-04,3
84a8a17ffffffff-2018-07,5
84a8a17ffffffff-2018-08,3
84a8a17ffffffff-2018-09,1
84a8a17ffffffff-2018-10,3
84a8a17ffffffff-2018-11,3
84a8a17ffffffff-2019-02,3
84a8a17ffffffff-2019-03,2
84a8a17ffffffff-2019-04,1
84a8a17ffffffff-2019-05,2
84a8a17ffffffff-2019-06,2
84a8a17ffffffff-2019-09,27
84a8a17ffffffff-2019-10,7
84a8a17ffffffff-2019-11,1
84a8a17ffffffff-2019-12,1
84a8a17ffffffff-2020-01,10
84a8a17ffffffff-2020-02,5
84a8a17ffffffff-2020-03,30
84a8a17ffffffff-2020-04,4
84a8a17ffffffff-2020-05,5
84a8a17ffffffff-2020-06,3
84a8a17ffffffff-2020-07,3
84a8a17ffffffff-2020-08,4
84a8a17ffffffff-2020-09,13
84a8a17ffffffff-2020-10,2
84a8a17ffffffff-2020-11,3
84a8a17ffffffff-2020-12,1
84a8a17ffffffff-2021-01,2
84a8a17ffffffff-2021-02,2
84a8a17ffffffff-2021-03,4
84a8a17ffffffff-2021-04,1
84a8a17ffffffff-2021-05,4
84a8a17ffffffff-2021-07,5
84a8a17ffffffff-2021-08,7
84a8a17ffffffff-2021-09,2
84a8a17ffffffff-2021-10,2
84a8a17ffffffff-2021-11,2
84a8a17ffffffff-2021-12,2
84a8a17ffffffff-2022-01,4
84a8a17ffffffff-2022-02,12
84a8a17ffffffff-2022-03,9
84a8a17ffffffff-2022-04,20
84a8a17ffffffff-2022-05,2
84a8a17ffffffff-2022-06,21
84a8a17ffffffff-2022-07,20
84a8a17ffffffff-2022-08,18
84a8a17ffffffff-2022-09,15
84a8a17ffffffff-2022-10,3
84a8a17ffffffff-2022-11,5
84a8a17ffffffff-2022-12,11
84a8a17ffffffff-2023-01,2
84a8a17ffffffff-2023-02,7
84a8a17ffffffff-2023-03,1
84a8a17ffffffff-2023-05,19
84a8a17ffffffff-2023-06,15
84a8a17ffffffff-2023-07,22
84a8a17ffffffff-2023-08,16
84a8a17ffffffff-2023-09,19
84a8a17ffffffff-2023-10,14
84a8a17ffffffff-2023-11,12
84a8a19ffffffff-2014-09,3
84a8a19ffffffff-2015-01,4
84a8a19ffffffff-2015-04,3
84a8a19ffffffff-2015-05,4
84a8a19ffffffff-2015-06,6
84a8a19ffffffff-2016-07,1
84a8a19ffffffff-2016-08,2
84a8a19ffffffff-2016-11,2
84a8a19ffffffff-2017-01,1
84a8a19ffffffff-2018-04,4
84a8a19ffffffff-2018-07,2
84a8a19ffffffff-2018-08,1
84a8a19ffffffff-2018-10,4
84a8a19ffffffff-2019-01,1
84a8a19ffffffff-2019-04,1
84a8a19ffffffff-2019-05,4
84a8a19ffffffff-2019-07,2
84a8a19ffffffff-2019-08,1
84a8a19ffffffff-2019-10,2
84a8a19ffffffff-2019-11,2
84a8a19ffffffff-2020-01,3
84a8a19ffffffff-2020-02,1
84a8a19ffffffff-2020-05,1
84a8a19ffffffff-2020-09,1
84a8a19ffffffff-2020-10,3
84a8a19ffffffff-2020-11,2
84a8a19ffffffff-2021-01,1
84a8a19ffffffff-2021-02,1
84a8a19ffffffff-2021-04,1
84a8a19ffffffff-2021-05,2
84a8a19ffffffff-2021-06,1
84a8a19ffffffff-2021-07,3
84a8a19ffffffff-2021-09,1
84a8a19ffffffff-2021-10,1
84a8a19ffffffff-2021-11,1
84a8a19ffffffff-2022-01,2
84a8a19ffffffff-2022-02,3
84a8a19ffffffff-2022-03,4
84a8a19ffffffff-2022-04,1
84a8a19ffffffff-2022-05,1
84a8a19ffffffff-2022-07,1
84a8a19ffffffff-2022-08,2
84a8a19ffffffff-2022-10,8
84a8a19ffffffff-2022-11,3
84a8a19ffffffff-2023-01,3
84a8a19ffffffff-2023-05,3
84a8a19ffffffff-2023-06,2
84a8a19ffffffff-2023-07,2
84a8a19ffffffff-2023-08,1
84a8a19ffffffff-2023-10,3
84a8a1bffffffff-2019-10,1
84a8a1bffffffff-2020-08,1
84a8a1bffffffff-2021-12,1
84a8a1bffffffff-2022-05,1
84a8a1bffffffff-2022-07,1
84a8a1bffffffff-2022-08,1
84a8a1bffffffff-2022-09,2
84a8a1bffffffff-2022-10,2
84a8a1bffffffff-2023-02,5
84a8a1bffffffff-2023-03,2
84a8a1bffffffff-2023-04,2
84a8a1bffffffff-2023-05,7
84a8a1bffffffff-2023-06,3
84a8a1bffffffff-2023-07,2
84a8a1bffffffff-2023-08,1
84a8a1bffffffff-2023-09,1
84a8a1bffffffff-2023-10,4
84a8a1bffffffff-2023-11,1
84a8a1dffffffff-2012-09,1
84a8a1dffffffff-2017-05,1
84a8a1dffffffff-2017-07,2
84a8a1dffffffff-2018-09,1
84a8a1dffffffff-2019-05,4
84a8a1dffffffff-2020-07,1
84a8a1dffffffff-2021-10,1
84a8a1dffffffff-2023-09,2
84a8a21ffffffff-2022-11,2
84a8a23ffffffff-2012-06,1
84a8a23ffffffff-2012-08,2
84a8a23ffffffff-2013-05,2
84a8a23ffffffff-2013-09,3
84a8a23ffffffff-2013-10,3
84a8a23ffffffff-2013-11,1
84a8a23ffffffff-2014-04,1
84a8a23ffffffff-2014-05,1
84a8a23ffffffff-2014-12,3
84a8a23ffffffff-2015-04,2
84a8a23ffffffff-2015-09,1
84a8a23ffffffff-2016-01,1
84a8a23ffffffff-2016-05,5
84a8a23ffffffff-2016-06,2
84a8a23ffffffff-2016-09,12
84a8a23ffffffff-2016-10,6
84a8a23ffffffff-2016-11,2
84a8a23ffffffff-2017-01,1
84a8a23ffffffff-2017-05,1
84a8a23ffffffff-2017-07,3
84a8a23ffffffff-2017-09,2
84a8a23ffffffff-2017-10,6
84a8a23ffffffff-2017-11,3
84a8a23ffffffff-2018-05,1
84a8a23ffffffff-2018-07,6
84a8a23ffffffff-2018-08,2
84a8a23ffffffff-2018-10,3
84a8a23ffffffff-2018-11,5
84a8a23ffffffff-2018-12,4
84a8a23ffffffff-2019-01,1
84a8a23ffffffff-2019-06,13
84a8a23ffffffff-2019-07,1
84a8a23ffffffff-2019-08,11
84a8a23ffffffff-2019-09,13
84a8a23ffffffff-2019-10,7
84a8a23ffffffff-2019-11,14
84a8a23ffffffff-2019-12,3
84a8a23ffffffff-2020-01,2
84a8a23ffffffff-2020-02,5
84a8a23ffffffff-2020-03,2
84a8a23ffffffff-2020-06,3
84a8a23ffffffff-2020-07,1
84a8a23ffffffff-2020-10,4
84a8a23ffffffff-2020-11,1
84a8a23ffffffff-2020-12,1
84a8a23ffffffff-2021-02,4
84a8a23ffffffff-2021-05,3
84a8a23ffffffff-2021-06,5
84a8a23ffffffff-2021-07,2
84a8a23ffffffff-2021-08,4
84a8a23ffffffff-2021-10,3
84a8a23ffffffff-2021-11,3
84a8a23ffffffff-2021-12,3
84a8a23ffffffff-2022-01,1
84a8a23ffffffff-2022-02,1
84a8a23ffffffff-2022-06,2
84a8a23ffffffff-2022-07,11
84a8a23ffffffff-2022-08,9
84a8a23ffffffff-2022-09,12
84a8a23ffffffff-2022-10,40
84a8a23ffffffff-2022-11,5
84a8a23ffffffff-2022-12,5
84a8a23ffffffff-2023-03,7
84a8a23ffffffff-2023-04,1
84a8a23ffffffff-2023-05,1
84a8a23ffffffff-2023-06,6
84a8a23ffffffff-2023-07,10
84a8a23ffffffff-2023-08,9
84a8a23ffffffff-2023-09,9
84a8a23ffffffff-2023-10,38
84a8a23ffffffff-2023-11,9
84a8a27ffffffff-2016-05,1
84a8a27ffffffff-2017-06,1
84a8a27ffffffff-2018-01,1
84a8a27ffffffff-2018-10,2
84a8a27ffffffff-2019-07,1
84a8a27ffffffff-2019-08,2
84a8a27ffffffff-2019-09,1
84a8a27ffffffff-2020-07,2
84a8a27ffffffff-2020-09,1
84a8a27ffffffff-2021-01,2
84a8a27ffffffff-2021-06,5
84a8a27ffffffff-2021-08,1
84a8a27ffffffff-2021-09,1
84a8a27ffffffff-2021-11,5
84a8a27ffffffff-2022-02,1
84a8a27ffffffff-2022-08,3
84a8a27ffffffff-2022-09,1
84a8a27ffffffff-2022-10,7
84a8a27ffffffff-2022-11,6
84a8a27ffffffff-2023-01,1
84a8a27ffffffff-2023-08,1
84a8a27ffffffff-2023-09,1
84a8a27ffffffff-2023-10,7
84a8a27ffffffff-2023-11,4
84a8a31ffffffff-2015-10,1
84a8a31ffffffff-2016-03,4
84a8a31ffffffff-2017-08,1
84a8a31ffffffff-2017-10,1
84a8a31ffffffff-2018-04,1
84a8a31ffffffff-2018-05,1
84a8a31ffffffff-2019-03,1
84a8a31ffffffff-2021-07,3
84a8a31ffffffff-2022-04,2
84a8a31ffffffff-2022-10,1
84a8a33ffffffff-2018-07,1
84a8a33ffffffff-2019-03,1
84a8a33ffffffff-2020-01,1
84a8a33ffffffff-2020-10,1
84a8a33ffffffff-2021-07,1
84a8a33ffffffff-2021-09,1
84a8a33ffffffff-2022-01,5
84a8a33ffffffff-2022-02,2
84a8a33ffffffff-2022-04,1
84a8a33ffffffff-2022-08,2
84a8a33ffffffff-2022-09,3
84a8a33ffffffff-2023-01,1
84a8a35ffffffff-2012-10,1
84a8a35ffffffff-2013-04,1
84a8a35ffffffff-2013-06,2
84a8a35ffffffff-2013-10,1
84a8a35ffffffff-2013-11,2
84a8a35ffffffff-2014-11,2
84a8a35ffffffff-2014-12,2
84a8a35ffffffff-2015-06,3
84a8a35ffffffff-2015-07,1
84a8a35ffffffff-2016-01,1
84a8a35ffffffff-2016-03,1
84a8a35ffffffff-2016-05,2
84a8a35ffffffff-2016-06,1
84a8a35ffffffff-2016-10,4
84a8a35ffffffff-2017-04,3
84a8a35ffffffff-2017-05,6
84a8a35ffffffff-2017-08,1
84a8a35ffffffff-2017-09,1
84a8a35ffffffff-2017-10,2
84a8a35ffffffff-2017-11,1
84a8a35ffffffff-2017-12,1
84a8a35ffffffff-2018-03,1
84a8a35ffffffff-2018-08,1
84a8a35ffffffff-2018-10,1
84a8a35ffffffff-2019-03,2
84a8a35ffffffff-2019-04,1
84a8a35ffffffff-2019-05,1
84a8a35ffffffff-2019-07,2
84a8a35ffffffff-2019-08,1
84a8a35ffffffff-2019-09,1
84a8a35ffffffff-2019-10,3
84a8a35ffffffff-2020-02,2
84a8a35ffffffff-2020-10,5
84a8a35ffffffff-2020-12,2
84a8a35ffffffff-2021-05,2
84a8a35ffffffff-2021-06,1
84a8a35ffffffff-2021-07,3
84a8a35ffffffff-2021-09,3
84a8a35ffffffff-2021-11,1
84a8a35ffffffff-2021-12,1
84a8a35ffffffff-2022-01,2
84a8a35ffffffff-2022-03,1
84a8a35ffffffff-2022-04,1
84a8a35ffffffff-2022-05,3
84a8a35ffffffff-2022-07,1
84a8a35ffffffff-2022-08,2
84a8a35ffffffff-2022-09,2
84a8a35ffffffff-2022-10,1
84a8a35ffffffff-2022-12,4
84a8a35ffffffff-2023-01,1
84a8a35ffffffff-2023-09,7
84a8a35ffffffff-2023-10,8
84a8a35ffffffff-2023-11,1
84a8a37ffffffff-2016-09,1
84a8a37ffffffff-2019-08,1
84a8a37ffffffff-2019-10,2
84a8a37ffffffff-2020-05,1
84a8a37ffffffff-2021-06,1
84a8a37ffffffff-2021-07,1
84a8a37ffffffff-2021-10,1
84a8a37ffffffff-2021-11,5
84a8a37ffffffff-2021-12,1
84a8a37ffffffff-2022-01,16
84a8a37ffffffff-2022-02,2
84a8a37ffffffff-2022-05,2
84a8a37ffffffff-2022-06,1
84a8a37ffffffff-2022-08,3
84a8a37ffffffff-2022-09,1
84a8a37ffffffff-2022-12,1
84a8a37ffffffff-2023-02,3
84a8a37ffffffff-2023-03,1
84a8a37ffffffff-2023-04,8
84a8a37ffffffff-2023-05,1
84a8a37ffffffff-2023-06,1
84a8a37ffffffff-2023-09,1
84a8a39ffffffff-2016-05,1
84a8a39ffffffff-2016-10,1
84a8a39ffffffff-2017-04,1
84a8a39ffffffff-2017-09,1
84a8a39ffffffff-2020-08,1
84a8a39ffffffff-2020-09,1
84a8a39ffffffff-2020-10,1
84a8a39ffffffff-2020-11,2
84a8a39ffffffff-2021-07,1
84a8a39ffffffff-2021-09,1
84a8a39ffffffff-2022-05,1
84a8a39ffffffff-2023-07,5
84a8a3bffffffff-2014-03,1
84a8a3bffffffff-2016-03,2
84a8a3bffffffff-2016-05,2
84a8a3bffffffff-2016-10,1
84a8a3bffffffff-2019-06,1
84a8a3bffffffff-2020-07,1
84a8a3bffffffff-2020-10,1
84a8a3bffffffff-2020-11,1
84a8a3bffffffff-2021-11,1
84a8a3bffffffff-2021-12,1
84a8a3bffffffff-2022-05,1
84a8a3bffffffff-2022-11,2
84a8a3bffffffff-2023-03,6
84a8a3bffffffff-2023-10,1
84a8a3dffffffff-2012-02,1
84a8a3dffffffff-2012-09,1
84a8a3dffffffff-2012-11,1
84a8a3dffffffff-2013-05,2
84a8a3dffffffff-2014-04,1
84a8a3dffffffff-2014-05,2
84a8a3dffffffff-2014-06,3
84a8a3dffffffff-2014-09,1
84a8a3dffffffff-2014-10,1
84a8a3dffffffff-2015-04,3
84a8a3dffffffff-2015-06,4
84a8a3dffffffff-2015-09,1
84a8a3dffffffff-2015-10,3
84a8a3dffffffff-2015-11,1
84a8a3dffffffff-2016-01,1
84a8a3dffffffff-2016-03,12
84a8a3dffffffff-2016-04,1
84a8a3dffffffff-2016-05,1
84a8a3dffffffff-2016-06,2
84a8a3dffffffff-2016-09,2
84a8a3dffffffff-2016-12,1
84a8a3dffffffff-2017-01,1
84a8a3dffffffff-2017-03,1
84a8a3dffffffff-2017-04,2
84a8a3dffffffff-2017-05,1
84a8a3dffffffff-2017-09,2
84a8a3dffffffff-2017-10,1
84a8a3dffffffff-2017-12,5
84a8a3dffffffff-2018-01,1
84a8a3dffffffff-2018-06,6
84a8a3dffffffff-2018-08,1
84a8a3dffffffff-2018-09,1
84a8a3dffffffff-2018-10,1
84a8a3dffffffff-2018-12,1
84a8a3dffffffff-2019-03,1
84a8a3dffffffff-2019-04,2
84a8a3dffffffff-2019-05,1
84a8a3dffffffff-2019-06,1
84a8a3dffffffff-2019-08,2
84a8a3dffffffff-2019-09,1
84a8a3dffffffff-2019-10,3
84a8a3dffffffff-2019-12,8
84a8a3dffffffff-2020-01,4
84a8a3dffffffff-2020-02,2
84a8a3dffffffff-2020-03,5
84a8a3dffffffff-2020-04,1
84a8a3dffffffff-2020-05,6
84a8a3dffffffff-2020-06,1
84a8a3dffffffff-2020-07,1
84a8a3dffffffff-2020-08,2
84a8a3dffffffff-2020-09,6
84a8a3dffffffff-2020-12,2
84a8a3dffffffff-2021-01,1
84a8a3dffffffff-2021-03,1
84a8a3dffffffff-2021-04,5
84a8a3dffffffff-2021-05,5
84a8a3dffffffff-2021-06,1
84a8a3dffffffff-2021-07,5
84a8a3dffffffff-2021-08,2
84a8a3dffffffff-2021-09,2
84a8a3dffffffff-2021-10,3
84a8a3dffffffff-2021-11,4
84a8a3dffffffff-2021-12,5
84a8a3dffffffff-2022-01,7
84a8a3dffffffff-2022-02,4
84a8a3dffffffff-2022-03,1
84a8a3dffffffff-2022-04,6
84a8a3dffffffff-2022-05,4
84a8a3dffffffff-2022-06,2
84a8a3dffffffff-2022-09,15
84a8a3dffffffff-2022-10,3
84a8a3dffffffff-2022-11,6
84a8a3dffffffff-2022-12,3
84a8a3dffffffff-2023-01,5
84a8a3dffffffff-2023-02,4
84a8a3dffffffff-2023-03,1
84a8a3dffffffff-2023-04,4
84a8a3dffffffff-2023-05,3
84a8a3dffffffff-2023-06,4
84a8a3dffffffff-2023-07,1
84a8a3dffffffff-2023-09,5
84a8a3dffffffff-2023-10,5
84a8a3dffffffff-2023-11,19
84a8a53ffffffff-2013-05,1
84a8a53ffffffff-2014-05,4
84a8a53ffffffff-2014-12,1
84a8a53ffffffff-2016-02,1
84a8a53ffffffff-2016-05,1
84a8a53ffffffff-2016-08,1
84a8a53ffffffff-2016-09,1
84a8a53ffffffff-2016-10,1
84a8a53ffffffff-2016-12,1
84a8a53ffffffff-2017-03,1
84a8a53ffffffff-2017-05,2
84a8a53ffffffff-2017-06,1
84a8a53ffffffff-2017-07,3
84a8a53ffffffff-2018-05,1
84a8a53ffffffff-2018-07,1
84a8a53ffffffff-2018-08,1
84a8a53ffffffff-2018-09,3
84a8a53ffffffff-2018-10,7
84a8a53ffffffff-2018-12,1
84a8a53ffffffff-2019-02,1
84a8a53ffffffff-2019-06,3
84a8a53ffffffff-2019-07,2
84a8a53ffffffff-2019-08,2
84a8a53ffffffff-2019-10,4
84a8a53ffffffff-2019-11,1
84a8a53ffffffff-2019-12,6
84a8a53ffffffff-2020-04,1
84a8a53ffffffff-2020-08,2
84a8a53ffffffff-2020-10,1
84a8a53ffffffff-2020-11,4
84a8a53ffffffff-2021-01,2
84a8a53ffffffff-2021-02,1
84a8a53ffffffff-2021-05,1
84a8a53ffffffff-2021-07,2
84a8a53ffffffff-2021-08,3
84a8a53ffffffff-2021-09,6
84a8a53ffffffff-2021-10,3
84a8a53ffffffff-2021-11,2
84a8a53ffffffff-2022-01,3
84a8a53ffffffff-2022-02,2
84a8a53ffffffff-2022-03,2
84a8a53ffffffff-2022-05,4
84a8a53ffffffff-2022-07,3
84a8a53ffffffff-2022-08,6
84a8a53ffffffff-2022-09,4
84a8a53ffffffff-2022-10,1
84a8a53ffffffff-2022-11,4
84a8a53ffffffff-2023-01,3
84a8a53ffffffff-2023-02,1
84a8a53ffffffff-2023-03,1
84a8a53ffffffff-2023-04,1
84a8a53ffffffff-2023-06,6
84a8a53ffffffff-2023-07,2
84a8a53ffffffff-2023-08,1
84a8a53ffffffff-2023-09,1
84a8a53ffffffff-2023-10,4
84a8a53ffffffff-2023-11,5
84a8a81ffffffff-2014-12,1
84a8a81ffffffff-2016-08,2
84a8a81ffffffff-2020-01,1
84a8a83ffffffff-2022-12,1
84a8a85ffffffff-2016-10,3
84a8a85ffffffff-2016-12,1
84a8a85ffffffff-2017-10,1
84a8a85ffffffff-2018-01,1
84a8a85ffffffff-2018-05,2
84a8a85ffffffff-2018-08,1
84a8a85ffffffff-2019-08,1
84a8a85ffffffff-2020-01,1
84a8a85ffffffff-2021-03,2
84a8a85ffffffff-2022-06,1
84a8a85ffffffff-2022-10,1
84a8a85ffffffff-2023-05,1
84a8a85ffffffff-2023-06,1
84a8a85ffffffff-2023-07,1
84a8a85ffffffff-2023-11,1
84a8a89ffffffff-2019-10,3
84a8a89ffffffff-2020-01,1
84a8a89ffffffff-2020-10,8
84a8a89ffffffff-2020-11,1
84a8a89ffffffff-2021-12,7
84a8a89ffffffff-2022-12,3
84a8a8bffffffff-2019-10,1
84a8a8dffffffff-2015-06,1
84a8a8dffffffff-2015-07,2
84a8a8dffffffff-2015-08,1
84a8a8dffffffff-2015-10,1
84a8a8dffffffff-2015-12,1
84a8a8dffffffff-2016-01,2
84a8a8dffffffff-2016-02,2
84a8a8dffffffff-2016-07,3
84a8a8dffffffff-2016-10,3
84a8a8dffffffff-2017-01,3
84a8a8dffffffff-2017-02,3
84a8a8dffffffff-2017-07,2
84a8a8dffffffff-2017-08,1
84a8a8dffffffff-2017-10,5
84a8a8dffffffff-2017-11,4
84a8a8dffffffff-2017-12,5
84a8a8dffffffff-2018-01,2
84a8a8dffffffff-2018-03,2
84a8a8dffffffff-2018-09,1
84a8a8dffffffff-2018-11,1
84a8a8dffffffff-2018-12,4
84a8a8dffffffff-2019-01,1
84a8a8dffffffff-2019-03,1
84a8a8dffffffff-2019-07,4
84a8a8dffffffff-2019-09,1
84a8a8dffffffff-2019-10,2
84a8a8dffffffff-2019-11,2
84a8a8dffffffff-2020-09,5
84a8a8dffffffff-2020-10,3
84a8a8dffffffff-2021-04,7
84a8a8dffffffff-2021-05,5
84a8a8dffffffff-2021-06,3
84a8a8dffffffff-2021-08,3
84a8a8dffffffff-2021-09,4
84a8a8dffffffff-2021-10,1
84a8a8dffffffff-2021-12,1
84a8a8dffffffff-2022-05,1
84a8a8dffffffff-2023-08,1
84a8a91ffffffff-2013-07,1
84a8a91ffffffff-2016-09,1
84a8a91ffffffff-2016-10,1
84a8a91ffffffff-2016-12,1
84a8a91ffffffff-2017-01,2
84a8a91ffffffff-2018-05,3
84a8a91ffffffff-2018-11,1
84a8a91ffffffff-2019-05,1
84a8a91ffffffff-2019-08,1
84a8a91ffffffff-2019-10,3
84a8a91ffffffff-2020-07,1
84a8a91ffffffff-2021-08,2
84a8a91ffffffff-2021-12,2
84a8a91ffffffff-2022-04,1
84a8a91ffffffff-2022-05,1
84a8a91ffffffff-2022-06,2
84a8a91ffffffff-2022-08,8
84a8a91ffffffff-2022-09,1
84a8a91ffffffff-2023-02,1
84a8a91ffffffff-2023-05,1
84a8a91ffffffff-2023-06,1
84a8a91ffffffff-2023-08,6
84a8a93ffffffff-2017-10,1
84a8a93ffffffff-2018-02,1
84a8a93ffffffff-2019-07,2
84a8a93ffffffff-2023-03,1
84a8a93ffffffff-2023-11,1
84a8a95ffffffff-2021-11,1
84a8a95ffffffff-2022-02,1
84a8a95ffffffff-2022-06,1
84a8a95ffffffff-2023-09,1
84a8a97ffffffff-2014-07,2
84a8a97ffffffff-2015-10,1
84a8a97ffffffff-2017-05,6
84a8a97ffffffff-2017-07,5
84a8a97ffffffff-2018-10,1
84a8a97ffffffff-2018-11,4
84a8a97ffffffff-2019-11,1
84a8a97ffffffff-2019-12,1
84a8a97ffffffff-2020-03,1
84a8a97ffffffff-2021-05,2
84a8a97ffffffff-2021-07,4
84a8a97ffffffff-2022-06,2
84a8a97ffffffff-2022-08,2
84a8a97ffffffff-2022-10,6
84a8a97ffffffff-2023-05,4
84a8a97ffffffff-2023-08,8
84a8a97ffffffff-2023-09,1
84a8a99ffffffff-2020-01,2
84a8a99ffffffff-2021-10,2
84a8a99ffffffff-2023-01,1
84a8a99ffffffff-2023-10,1
84a8a9dffffffff-2021-06,1
84a8a9dffffffff-2021-11,3
84a8aa1ffffffff-2023-02,2
84a8aa3ffffffff-2022-02,1
84a8aa3ffffffff-2022-04,1
84a8aa3ffffffff-2022-07,1
84a8aa5ffffffff-2015-12,1
84a8aa5ffffffff-2016-02,1
84a8aa5ffffffff-2021-09,1
84a8aa5ffffffff-2021-10,3
84a8aa5ffffffff-2021-11,2
84a8aa5ffffffff-2023-05,1
84a8aa7ffffffff-2018-12,2
84a8aa7ffffffff-2019-01,1
84a8aa7ffffffff-2019-11,1
84a8aa7ffffffff-2020-01,1
84a8aa7ffffffff-2020-03,1
84a8aa7ffffffff-2020-09,5
84a8aa7ffffffff-2021-02,1
84a8aa7ffffffff-2021-05,5
84a8aa7ffffffff-2021-06,3
84a8aa7ffffffff-2021-07,1
84a8aa7ffffffff-2021-08,1
84a8aa7ffffffff-2021-12,2
84a8aa7ffffffff-2022-01,3
84a8aa7ffffffff-2022-02,2
84a8aa7ffffffff-2022-03,1
84a8aa7ffffffff-2022-08,2
84a8aa7ffffffff-2022-11,2
84a8aa7ffffffff-2023-03,1
84a8aa7ffffffff-2023-06,2
84a8aa7ffffffff-2023-08,1
84a8aa7ffffffff-2023-09,1
84a8aa7ffffffff-2023-10,1
84a8aabffffffff-2020-01,1
84a8aabffffffff-2020-12,1
84a8aabffffffff-2021-01,1
84a8aabffffffff-2021-07,1
84a8aabffffffff-2022-01,1
84a8aabffffffff-2023-01,1
84a8aabffffffff-2023-07,1
84a8aadffffffff-2017-01,1
84a8aadffffffff-2017-09,1
84a8aadffffffff-2018-03,2
84a8aadffffffff-2018-05,1
84a8aadffffffff-2018-10,2
84a8aadffffffff-2018-12,1
84a8aadffffffff-2019-11,1
84a8aadffffffff-2020-08,1
84a8aadffffffff-2020-09,3
84a8aadffffffff-2021-01,2
84a8aadffffffff-2021-04,1
84a8aadffffffff-2021-05,2
84a8aadffffffff-2021-06,1
84a8aadffffffff-2021-09,1
84a8aadffffffff-2022-02,1
84a8aadffffffff-2022-04,1
84a8aadffffffff-2022-08,2
84a8aadffffffff-2022-09,1
84a8aadffffffff-2022-10,1
84a8aadffffffff-2022-12,2
84a8aadffffffff-2023-01,4
84a8aadffffffff-2023-03,2
84a8aadffffffff-2023-05,2
84a8aadffffffff-2023-06,1
84a8aadffffffff-2023-07,1
84a8aadffffffff-2023-08,1
84a8aadffffffff-2023-10,1
84a8ac1ffffffff-2016-05,1
84a8ac1ffffffff-2017-02,1
84a8ac1ffffffff-2018-01,1
84a8ac1ffffffff-2018-05,1
84a8ac1ffffffff-2019-12,1
84a8ac1ffffffff-2020-01,1
84a8ac1ffffffff-2022-04,1
84a8ac1ffffffff-2022-10,1
84a8ac1ffffffff-2022-12,2
84a8ac1ffffffff-2023-01,1
84a8ac1ffffffff-2023-02,5
84a8ac1ffffffff-2023-03,3
84a8ac1ffffffff-2023-04,5
84a8ac1ffffffff-2023-05,6
84a8ac1ffffffff-2023-06,2
84a8ac1ffffffff-2023-07,2
84a8ac1ffffffff-2023-08,4
84a8ac1ffffffff-2023-09,2
84a8ac3ffffffff-2020-01,1
84a8ac3ffffffff-2020-09,1
84a8ac3ffffffff-2021-07,1
84a8ac3ffffffff-2021-09,1
84a8ac5ffffffff-2017-11,1
84a8ac5ffffffff-2019-02,1
84a8ac5ffffffff-2019-03,1
84a8ac5ffffffff-2020-06,1
84a8ac5ffffffff-2020-10,3
84a8ac5ffffffff-2020-12,1
84a8ac5ffffffff-2021-03,2
84a8ac5ffffffff-2021-04,1
84a8ac5ffffffff-2021-05,4
84a8ac5ffffffff-2021-06,2
84a8ac5ffffffff-2021-07,1
84a8ac5ffffffff-2021-08,1
84a8ac5ffffffff-2021-09,1
84a8ac5ffffffff-2021-10,2
84a8ac5ffffffff-2021-12,1
84a8ac5ffffffff-2022-04,1
84a8ac5ffffffff-2022-06,1
84a8ac5ffffffff-2022-09,1
84a8ac5ffffffff-2022-10,1
84a8ac5ffffffff-2023-01,1
84a8ac5ffffffff-2023-02,1
84a8ac5ffffffff-2023-03,3
84a8ac5ffffffff-2023-04,3
84a8ac5ffffffff-2023-06,2
84a8ac5ffffffff-2023-07,5
84a8ac5ffffffff-2023-09,4
84a8ac5ffffffff-2023-10,2
84a8ac7ffffffff-2018-03,4
84a8ac7ffffffff-2018-11,1
84a8ac7ffffffff-2020-04,1
84a8ac7ffffffff-2020-10,1
84a8ac7ffffffff-2020-11,1
84a8ac7ffffffff-2021-07,3
84a8ac7ffffffff-2021-10,2
84a8ac7ffffffff-2023-08,2
84a8ac7ffffffff-2023-09,1
84a8ac7ffffffff-2023-10,2
84a8ac9ffffffff-2012-05,1
84a8ac9ffffffff-2012-08,1
84a8ac9ffffffff-2012-09,2
84a8ac9ffffffff-2012-10,1
84a8ac9ffffffff-2013-03,1
84a8ac9ffffffff-2013-04,1
84a8ac9ffffffff-2014-01,1
84a8ac9ffffffff-2015-05,4
84a8ac9ffffffff-2015-12,3
84a8ac9ffffffff-2016-02,4
84a8ac9ffffffff-2016-05,1
84a8ac9ffffffff-2016-08,1
84a8ac9ffffffff-2016-10,1
84a8ac9ffffffff-2016-11,2
84a8ac9ffffffff-2017-01,2
84a8ac9ffffffff-2017-02,1
84a8ac9ffffffff-2017-03,2
84a8ac9ffffffff-2017-11,1
84a8ac9ffffffff-2018-05,1
84a8ac9ffffffff-2018-07,1
84a8ac9ffffffff-2018-09,1
84a8ac9ffffffff-2018-10,1
84a8ac9ffffffff-2019-02,7
84a8ac9ffffffff-2019-09,1
84a8ac9ffffffff-2019-10,1
84a8ac9ffffffff-2019-11,1
84a8ac9ffffffff-2019-12,1
84a8ac9ffffffff-2020-02,1
84a8ac9ffffffff-2020-03,3
84a8ac9ffffffff-2020-05,1
84a8ac9ffffffff-2020-07,3
84a8ac9ffffffff-2020-09,7
84a8ac9ffffffff-2020-10,4
84a8ac9ffffffff-2020-11,1
84a8ac9ffffffff-2020-12,2
84a8ac9ffffffff-2021-01,5
84a8ac9ffffffff-2021-03,1
84a8ac9ffffffff-2021-05,1
84a8ac9ffffffff-2021-06,3
84a8ac9ffffffff-2021-07,3
84a8ac9ffffffff-2021-08,9
84a8ac9ffffffff-2021-09,3
84a8ac9ffffffff-2021-10,4
84a8ac9ffffffff-2021-11,3
84a8ac9ffffffff-2021-12,4
84a8ac9ffffffff-2022-01,1
84a8ac9ffffffff-2022-02,2
84a8ac9ffffffff-2022-04,1
84a8ac9ffffffff-2022-05,9
84a8ac9ffffffff-2022-06,2
84a8ac9ffffffff-2022-07,1
84a8ac9ffffffff-2022-08,4
84a8ac9ffffffff-2022-09,2
84a8ac9ffffffff-2022-10,7
84a8ac9ffffffff-2022-11,5
84a8ac9ffffffff-2022-12,7
84a8ac9ffffffff-2023-01,5
84a8ac9ffffffff-2023-02,1
84a8ac9ffffffff-2023-03,2
84a8ac9ffffffff-2023-04,5
84a8ac9ffffffff-2023-05,1
84a8ac9ffffffff-2023-06,1
84a8ac9ffffffff-2023-07,8
84a8ac9ffffffff-2023-08,6
84a8ac9ffffffff-2023-10,5
84a8ac9ffffffff-2023-11,4
84a8acbffffffff-2016-07,1
84a8acbffffffff-2017-01,1
84a8acbffffffff-2019-02,1
84a8acbffffffff-2020-02,1
84a8acbffffffff-2020-11,1
84a8acbffffffff-2023-03,2
84a8acbffffffff-2023-05,1
84a8acbffffffff-2023-10,2
84a8acdffffffff-2014-12,2
84a8acdffffffff-2015-04,1
84a8acdffffffff-2016-05,1
84a8acdffffffff-2016-06,2
84a8acdffffffff-2016-07,4
84a8acdffffffff-2016-09,7
84a8acdffffffff-2016-10,1
84a8acdffffffff-2016-12,1
84a8acdffffffff-2017-01,1
84a8acdffffffff-2017-02,3
84a8acdffffffff-2017-03,1
84a8acdffffffff-2017-04,2
84a8acdffffffff-2017-05,3
84a8acdffffffff-2017-06,2
84a8acdffffffff-2017-07,1
84a8acdffffffff-2017-08,3
84a8acdffffffff-2017-09,3
84a8acdffffffff-2017-10,2
84a8acdffffffff-2017-11,3
84a8acdffffffff-2018-02,3
84a8acdffffffff-2018-04,3
84a8acdffffffff-2018-05,1
84a8acdffffffff-2018-06,1
84a8acdffffffff-2018-07,1
84a8acdffffffff-2018-08,3
84a8acdffffffff-2018-09,3
84a8acdffffffff-2018-10,2
84a8acdffffffff-2018-11,1
84a8acdffffffff-2018-12,4
84a8acdffffffff-2019-01,1
84a8acdffffffff-2019-02,2
84a8acdffffffff-2019-03,3
84a8acdffffffff-2019-04,2
84a8acdffffffff-2019-07,1
84a8acdffffffff-2019-08,1
84a8acdffffffff-2019-09,2
84a8acdffffffff-2019-10,5
84a8acdffffffff-2020-02,1
84a8acdffffffff-2020-03,3
84a8acdffffffff-2020-04,5
84a8acdffffffff-2020-05,11
84a8acdffffffff-2020-06,3
84a8acdffffffff-2020-07,5
84a8acdffffffff-2020-08,2
84a8acdffffffff-2020-09,9
84a8acdffffffff-2020-12,1
84a8acdffffffff-2021-01,3
84a8acdffffffff-2021-02,2
84a8acdffffffff-2021-03,5
84a8acdffffffff-2021-06,2
84a8acdffffffff-2021-07,3
84a8acdffffffff-2021-08,5
84a8acdffffffff-2021-09,5
84a8acdffffffff-2021-10,5
84a8acdffffffff-2021-12,4
84a8acdffffffff-2022-01,9
84a8acdffffffff-2022-02,7
84a8acdffffffff-2022-03,2
84a8acdffffffff-2022-05,3
84a8acdffffffff-2022-07,3
84a8acdffffffff-2022-08,1
84a8acdffffffff-2022-09,9
84a8acdffffffff-2022-10,1
84a8acdffffffff-2022-11,2
84a8acdffffffff-2022-12,4
84a8acdffffffff-2023-01,9
84a8acdffffffff-2023-03,1
84a8acdffffffff-2023-04,1
84a8acdffffffff-2023-05,3
84a8acdffffffff-2023-06,1
84a8acdffffffff-2023-07,2
84a8acdffffffff-2023-08,3
84a8ad1ffffffff-2015-08,2
84a8ad1ffffffff-2017-08,3
84a8ad1ffffffff-2018-04,1
84a8ad1ffffffff-2020-08,1
84a8ad1ffffffff-2021-05,2
84a8ad1ffffffff-2021-10,2
84a8ad1ffffffff-2022-07,1
84a8ad1ffffffff-2022-08,2
84a8ad1ffffffff-2022-10,6
84a8ad1ffffffff-2023-01,1
84a8ad1ffffffff-2023-02,1
84a8ad1ffffffff-2023-03,8
84a8ad1ffffffff-2023-04,2
84a8ad1ffffffff-2023-07,3
84a8ad1ffffffff-2023-09,4
84a8ad1ffffffff-2023-11,2
84a8ad3ffffffff-2021-11,1
84a8ad3ffffffff-2022-07,1
84a8ad3ffffffff-2022-09,1
84a8ad3ffffffff-2022-10,1
84a8ad3ffffffff-2023-01,1
84a8ad3ffffffff-2023-02,1
84a8ad3ffffffff-2023-07,1
84a8ad3ffffffff-2023-08,1
84a8ad3ffffffff-2023-09,1
84a8ad5ffffffff-2019-10,1
84a8ad5ffffffff-2020-05,1
84a8ad5ffffffff-2020-10,2
84a8ad5ffffffff-2021-05,1
84a8ad5ffffffff-2023-09,1
84a8ad7ffffffff-2017-10,1
84a8ad7ffffffff-2019-07,1
84a8ad7ffffffff-2021-12,2
84a8ad7ffffffff-2023-07,1
84a8ad9ffffffff-2017-08,3
84a8ad9ffffffff-2019-11,1
84a8ad9ffffffff-2020-08,1
84a8ad9ffffffff-2021-02,1
84a8ad9ffffffff-2021-05,1
84a8ad9ffffffff-2021-07,1
84a8ad9ffffffff-2021-08,7
84a8ad9ffffffff-2021-10,9
84a8ad9ffffffff-2022-04,1
84a8ad9ffffffff-2022-09,1
84a8ad9ffffffff-2022-11,2
84a8ad9ffffffff-2023-02,1
84a8ad9ffffffff-2023-04,3
84a8ad9ffffffff-2023-05,2
84a8ad9ffffffff-2023-06,1
84a8ad9ffffffff-2023-07,1
84a8ad9ffffffff-2023-08,2
84a8ad9ffffffff-2023-09,1
84a8ad9ffffffff-2023-10,4
84a8ad9ffffffff-2023-11,3
84a8addffffffff-2018-03,1
84a8addffffffff-2019-03,1
84a8addffffffff-2019-07,1
84a8ae1ffffffff-2017-05,1
84a8ae1ffffffff-2017-10,2
84a8ae1ffffffff-2018-11,5
84a8ae1ffffffff-2018-12,3
84a8ae1ffffffff-2019-03,1
84a8ae1ffffffff-2019-10,1
84a8ae1ffffffff-2020-01,1
84a8ae1ffffffff-2021-02,1
84a8ae1ffffffff-2021-04,2
84a8ae1ffffffff-2023-02,2
84a8ae3ffffffff-2017-06,1
84a8ae3ffffffff-2018-03,1
84a8ae3ffffffff-2018-04,1
84a8ae3ffffffff-2018-05,1
84a8ae3ffffffff-2018-06,1
84a8ae3ffffffff-2018-08,1
84a8ae3ffffffff-2018-09,2
84a8ae3ffffffff-2018-10,1
84a8ae3ffffffff-2019-07,2
84a8ae3ffffffff-2019-08,1
84a8ae3ffffffff-2019-11,1
84a8ae3ffffffff-2020-05,1
84a8ae3ffffffff-2021-03,1
84a8ae3ffffffff-2021-07,1
84a8ae3ffffffff-2021-09,1
84a8ae3ffffffff-2021-11,5
84a8ae3ffffffff-2022-01,1
84a8ae3ffffffff-2023-01,3
84a8ae5ffffffff-2019-03,1
84a8ae5ffffffff-2019-07,1
84a8ae5ffffffff-2019-08,1
84a8ae5ffffffff-2019-09,1
84a8ae5ffffffff-2020-10,2
84a8ae5ffffffff-2021-01,3
84a8ae5ffffffff-2021-03,2
84a8ae5ffffffff-2021-04,2
84a8ae5ffffffff-2021-05,9
84a8ae5ffffffff-2021-06,1
84a8ae5ffffffff-2021-07,7
84a8ae5ffffffff-2021-08,7
84a8ae5ffffffff-2021-09,6
84a8ae5ffffffff-2021-10,6
84a8ae5ffffffff-2021-11,2
84a8ae5ffffffff-2021-12,2
84a8ae5ffffffff-2022-01,7
84a8ae5ffffffff-2022-02,27
84a8ae5ffffffff-2022-03,5
84a8ae5ffffffff-2022-04,5
84a8ae5ffffffff-2022-05,25
84a8ae5ffffffff-2022-06,16
84a8ae5ffffffff-2022-07,5
84a8ae5ffffffff-2022-08,9
84a8ae5ffffffff-2022-09,14
84a8ae5ffffffff-2022-10,13
84a8ae5ffffffff-2022-11,17
84a8ae5ffffffff-2023-01,3
84a8ae5ffffffff-2023-04,1
84a8ae5ffffffff-2023-10,1
84a8ae7ffffffff-2017-01,2
84a8ae7ffffffff-2019-09,1
84a8ae7ffffffff-2021-07,3
84a8ae7ffffffff-2021-10,1
84a8ae7ffffffff-2022-12,1
84a8ae7ffffffff-2023-05,2
84a8ae9ffffffff-2014-11,4
84a8ae9ffffffff-2016-12,2
84a8ae9ffffffff-2018-04,1
84a8ae9ffffffff-2020-01,2
84a8ae9ffffffff-2020-08,1
84a8ae9ffffffff-2021-12,1
84a8aebffffffff-2017-08,2
84a8aebffffffff-2017-09,2
84a8aebffffffff-2017-10,1
84a8aebffffffff-2018-04,2
84a8aebffffffff-2018-06,1
84a8aebffffffff-2018-09,2
84a8aebffffffff-2018-10,1
84a8aebffffffff-2019-03,1
84a8aebffffffff-2019-10,2
84a8aebffffffff-2020-01,2
84a8aebffffffff-2020-07,2
84a8aebffffffff-2022-05,1
84a8aebffffffff-2022-07,2
84a8aebffffffff-2022-09,2
84a8aebffffffff-2022-12,1
84a8aedffffffff-2018-12,10
84a8aedffffffff-2021-02,3
84a8aedffffffff-2022-01,2
84a8b1bffffffff-2019-07,1
84a8b1bffffffff-2019-08,1
84a8b1bffffffff-2021-12,2
84a8b1bffffffff-2022-03,1
84a8b1bffffffff-2022-05,1
84a8b1bffffffff-2022-06,2
84a8b1bffffffff-2022-07,2
84a8b1bffffffff-2022-08,3
84a8b1bffffffff-2022-09,1
84a8b1bffffffff-2022-10,1
84a8b1bffffffff-2022-11,1
84a8b1bffffffff-2022-12,2
84a8b1bffffffff-2023-04,1
84a8b1bffffffff-2023-05,1
84a8b1bffffffff-2023-07,1
84a8b1bffffffff-2023-09,1
84a8f0dffffffff-2022-10,1
84a8f41ffffffff-2017-12,1
84a8f41ffffffff-2019-11,2
84a8f41ffffffff-2020-10,1
84a8f41ffffffff-2021-05,1
84a8f41ffffffff-2021-06,2
84a8f41ffffffff-2021-07,2
84a8f41ffffffff-2022-10,1
84a8f41ffffffff-2023-05,2
84a8f45ffffffff-2023-02,1
84a8f4dffffffff-2021-01,1
84a8f63ffffffff-2023-02,4
84a8f6dffffffff-2023-11,1
84a9011ffffffff-2023-06,1
84a9011ffffffff-2023-10,1
84a9013ffffffff-2022-06,1
84a9013ffffffff-2022-11,1
84a9017ffffffff-2022-05,1
84a9017ffffffff-2022-09,1
84a901bffffffff-2022-01,1
84a9081ffffffff-2022-04,1
84a9083ffffffff-2023-01,1
84a9083ffffffff-2023-08,1
84a9085ffffffff-2017-02,3
84a9085ffffffff-2018-05,1
84a9085ffffffff-2020-07,1
84a9085ffffffff-2020-10,3
84a9085ffffffff-2022-05,1
84a9085ffffffff-2023-05,2
84a9085ffffffff-2023-10,3
84a9087ffffffff-2017-02,1
84a908bffffffff-2017-11,1
84a908dffffffff-2023-06,1
84a9091ffffffff-2019-11,1
84a9091ffffffff-2021-02,1
84a9093ffffffff-2023-10,1
84a9095ffffffff-2013-11,2
84a9095ffffffff-2015-03,1
84a9095ffffffff-2017-01,1
84a9095ffffffff-2017-04,1
84a9095ffffffff-2018-02,1
84a9095ffffffff-2018-07,2
84a9095ffffffff-2018-10,2
84a9095ffffffff-2023-01,2
84a9095ffffffff-2023-10,2
84a9095ffffffff-2023-11,2
84a9097ffffffff-2018-11,1
84a9097ffffffff-2020-03,2
84a909bffffffff-2018-01,1
84a909bffffffff-2018-09,1
84a909bffffffff-2020-11,1
84a909bffffffff-2022-10,2
84a909bffffffff-2023-10,1
84a909dffffffff-2016-05,1
84a909dffffffff-2016-11,1
84a909dffffffff-2016-12,2
84a909dffffffff-2017-03,1
84a909dffffffff-2017-04,1
84a909dffffffff-2017-05,1
84a909dffffffff-2017-07,1
84a909dffffffff-2017-08,1
84a909dffffffff-2017-12,3
84a909dffffffff-2018-01,6
84a909dffffffff-2018-02,1
84a909dffffffff-2018-03,1
84a909dffffffff-2018-04,2
84a909dffffffff-2018-07,1
84a909dffffffff-2018-08,1
84a909dffffffff-2018-09,1
84a909dffffffff-2018-10,3
84a909dffffffff-2019-02,2
84a909dffffffff-2019-04,1
84a909dffffffff-2019-05,2
84a909dffffffff-2019-10,1
84a909dffffffff-2019-11,1
84a909dffffffff-2020-01,1
84a909dffffffff-2020-04,1
84a909dffffffff-2020-05,1
84a909dffffffff-2022-11,1
84a909dffffffff-2023-01,1
84a90a1ffffffff-2018-11,1
84a90a3ffffffff-2015-12,1
84a90a3ffffffff-2019-04,2
84a90a5ffffffff-2022-10,2
84a90a7ffffffff-2015-12,2
84a90a7ffffffff-2017-01,1
84a90a7ffffffff-2023-10,3
84a90a9ffffffff-2018-01,2
84a90a9ffffffff-2019-07,1
84a90a9ffffffff-2019-08,2
84a90a9ffffffff-2020-12,1
84a90a9ffffffff-2023-01,1
84a90abffffffff-2015-12,1
84a90adffffffff-2018-01,2
84a90b1ffffffff-2021-02,2
84a90b3ffffffff-2018-05,1
84a90b3ffffffff-2018-08,2
84a90b3ffffffff-2018-09,3
84a90b3ffffffff-2018-10,1
84a90b3ffffffff-2019-04,1
84a90b3ffffffff-2019-05,1
84a90b3ffffffff-2019-10,1
84a90b7ffffffff-2016-11,1
84a90b7ffffffff-2019-08,1
84a90b9ffffffff-2020-02,3
84a90b9ffffffff-2021-07,1
84a90b9ffffffff-2022-02,1
84a90b9ffffffff-2022-11,1
84a90bbffffffff-2018-01,2
84a90bbffffffff-2022-12,1
84a90bdffffffff-2012-12,1
84a90bdffffffff-2015-12,1
84a90bdffffffff-2016-12,2
84a90bdffffffff-2017-12,1
84a90bdffffffff-2018-12,3
84a90bdffffffff-2019-01,1
84a90bdffffffff-2019-02,2
84a90bdffffffff-2019-07,2
84a90bdffffffff-2019-12,4
84a90bdffffffff-2020-01,2
84a90bdffffffff-2020-04,1
84a90bdffffffff-2020-05,3
84a90bdffffffff-2020-07,1
84a90bdffffffff-2021-01,2
84a90bdffffffff-2021-04,1
84a90bdffffffff-2021-07,2
84a90bdffffffff-2021-08,1
84a90bdffffffff-2021-09,1
84a90bdffffffff-2022-01,1
84a90d9ffffffff-2015-10,1
84a90d9ffffffff-2015-11,1
84a90dbffffffff-2021-04,1
84a90e1ffffffff-2014-10,1
84a90e1ffffffff-2015-08,1
84a90e1ffffffff-2020-01,1
84a90e1ffffffff-2021-09,1
84a90e1ffffffff-2021-10,1
84a90e1ffffffff-2022-05,2
84a90e1ffffffff-2022-08,1
84a90e1ffffffff-2022-09,1
84a90e1ffffffff-2023-08,30
84a90e1ffffffff-2023-10,2
84a90e3ffffffff-2017-09,1
84a90e3ffffffff-2020-02,1
84a90e3ffffffff-2020-09,5
84a90e3ffffffff-2020-10,4
84a90e3ffffffff-2021-06,4
84a90e3ffffffff-2021-09,1
84a90e3ffffffff-2021-12,1
84a90e3ffffffff-2022-01,1
84a90e3ffffffff-2022-04,1
84a90e3ffffffff-2022-05,3
84a90e3ffffffff-2022-07,2
84a90e3ffffffff-2023-03,2
84a90e3ffffffff-2023-04,1
84a90e3ffffffff-2023-09,2
84a90e3ffffffff-2023-10,2
84a90e5ffffffff-2013-01,2
84a90e5ffffffff-2013-02,1
84a90e5ffffffff-2013-11,1
84a90e5ffffffff-2015-05,1
84a90e5ffffffff-2015-11,2
84a90e5ffffffff-2016-07,1
84a90e5ffffffff-2016-10,1
84a90e5ffffffff-2017-05,2
84a90e5ffffffff-2017-09,1
84a90e5ffffffff-2017-11,4
84a90e5ffffffff-2018-01,2
84a90e5ffffffff-2018-06,2
84a90e5ffffffff-2018-08,1
84a90e5ffffffff-2018-09,1
84a90e5ffffffff-2018-11,4
84a90e5ffffffff-2019-03,1
84a90e5ffffffff-2019-06,1
84a90e5ffffffff-2019-10,3
84a90e5ffffffff-2019-11,1
84a90e5ffffffff-2019-12,1
84a90e5ffffffff-2020-01,7
84a90e5ffffffff-2020-03,1
84a90e5ffffffff-2020-05,1
84a90e5ffffffff-2020-08,1
84a90e5ffffffff-2020-10,2
84a90e5ffffffff-2020-11,1
84a90e5ffffffff-2021-05,7
84a90e5ffffffff-2021-06,2
84a90e5ffffffff-2021-08,1
84a90e5ffffffff-2021-10,1
84a90e5ffffffff-2022-02,18
84a90e5ffffffff-2022-03,2
84a90e5ffffffff-2022-05,3
84a90e5ffffffff-2022-06,1
84a90e5ffffffff-2022-07,1
84a90e5ffffffff-2022-08,2
84a90e5ffffffff-2022-09,1
84a90e5ffffffff-2022-10,3
84a90e5ffffffff-2022-11,4
84a90e5ffffffff-2022-12,7
84a90e5ffffffff-2023-01,3
84a90e5ffffffff-2023-02,1
84a90e5ffffffff-2023-03,1
84a90e5ffffffff-2023-05,1
84a90e5ffffffff-2023-06,2
84a90e5ffffffff-2023-07,3
84a90e5ffffffff-2023-08,23
84a90e5ffffffff-2023-10,8
84a90e7ffffffff-2020-10,2
84a90e7ffffffff-2021-09,1
84a90e7ffffffff-2021-10,2
84a90e7ffffffff-2021-11,2
84a90e7ffffffff-2021-12,10
84a90e7ffffffff-2022-01,8
84a90e7ffffffff-2022-02,11
84a90e7ffffffff-2022-03,5
84a90e7ffffffff-2022-04,5
84a90e7ffffffff-2022-05,7
84a90e7ffffffff-2022-06,3
84a90e7ffffffff-2022-07,2
84a90e7ffffffff-2022-08,1
84a90e7ffffffff-2022-09,7
84a90e7ffffffff-2022-10,4
84a90e7ffffffff-2022-11,3
84a90e7ffffffff-2022-12,2
84a90e7ffffffff-2023-01,2
84a90e7ffffffff-2023-02,1
84a90e7ffffffff-2023-03,1
84a90e7ffffffff-2023-04,2
84a90e7ffffffff-2023-08,7
84a90e7ffffffff-2023-09,1
84a90e7ffffffff-2023-10,2
84a90e7ffffffff-2023-11,2
84a90ebffffffff-2023-03,1
84a9187ffffffff-2021-02,1
84a9191ffffffff-2013-11,4
84a9191ffffffff-2014-09,2
84a9191ffffffff-2015-05,3
84a9191ffffffff-2015-11,4
84a9191ffffffff-2016-01,3
84a9191ffffffff-2016-04,5
84a9191ffffffff-2016-10,2
84a9191ffffffff-2017-01,1
84a9191ffffffff-2017-04,5
84a9191ffffffff-2017-05,1
84a9191ffffffff-2018-01,3
84a9191ffffffff-2018-04,1
84a9191ffffffff-2018-05,4
84a9191ffffffff-2019-02,2
84a9191ffffffff-2019-04,2
84a9191ffffffff-2019-05,1
84a9191ffffffff-2019-07,1
84a9191ffffffff-2019-09,1
84a9191ffffffff-2019-10,1
84a9191ffffffff-2019-12,1
84a9191ffffffff-2020-09,2
84a9191ffffffff-2020-10,1
84a9191ffffffff-2021-02,5
84a9191ffffffff-2021-04,6
84a9191ffffffff-2021-05,2
84a9191ffffffff-2021-06,1
84a9191ffffffff-2021-07,4
84a9191ffffffff-2021-10,5
84a9191ffffffff-2022-03,2
84a9191ffffffff-2022-04,4
84a9191ffffffff-2022-05,3
84a9191ffffffff-2022-06,2
84a9191ffffffff-2022-07,1
84a9191ffffffff-2022-09,2
84a9191ffffffff-2022-10,1
84a9191ffffffff-2022-11,11
84a9191ffffffff-2022-12,5
84a9191ffffffff-2023-03,4
84a9191ffffffff-2023-04,8
84a9191ffffffff-2023-05,3
84a9191ffffffff-2023-06,4
84a9191ffffffff-2023-07,1
84a9191ffffffff-2023-08,17
84a9191ffffffff-2023-09,3
84a9191ffffffff-2023-10,6
84a9191ffffffff-2023-11,7
84a9193ffffffff-2020-01,1
84a9193ffffffff-2020-07,1
84a9193ffffffff-2021-01,2
84a9193ffffffff-2022-05,4
84a9193ffffffff-2022-12,1
84a9193ffffffff-2023-01,1
84a9193ffffffff-2023-10,1
84a9195ffffffff-2016-01,1
84a9195ffffffff-2016-03,1
84a9195ffffffff-2016-06,2
84a9195ffffffff-2016-07,2
84a9195ffffffff-2016-11,1
84a9195ffffffff-2018-05,1
84a9195ffffffff-2019-08,1
84a9195ffffffff-2020-02,1
84a9195ffffffff-2020-03,1
84a9195ffffffff-2020-06,1
84a9195ffffffff-2020-08,5
84a9195ffffffff-2020-09,2
84a9195ffffffff-2021-01,1
84a9195ffffffff-2021-02,3
84a9195ffffffff-2021-03,3
84a9195ffffffff-2021-04,3
84a9195ffffffff-2021-05,6
84a9195ffffffff-2021-06,4
84a9195ffffffff-2021-07,5
84a9195ffffffff-2021-08,5
84a9195ffffffff-2021-09,3
84a9195ffffffff-2021-10,12
84a9195ffffffff-2021-11,12
84a9195ffffffff-2021-12,6
84a9195ffffffff-2022-01,4
84a9195ffffffff-2022-02,5
84a9195ffffffff-2022-04,2
84a9195ffffffff-2022-05,6
84a9195ffffffff-2022-06,3
84a9195ffffffff-2022-07,8
84a9195ffffffff-2022-08,3
84a9195ffffffff-2022-09,10
84a9195ffffffff-2022-10,17
84a9195ffffffff-2022-11,8
84a9195ffffffff-2022-12,8
84a9195ffffffff-2023-01,3
84a9195ffffffff-2023-02,13
84a9195ffffffff-2023-03,3
84a9195ffffffff-2023-04,7
84a9195ffffffff-2023-05,21
84a9195ffffffff-2023-06,9
84a9195ffffffff-2023-07,2
84a9195ffffffff-2023-08,13
84a9195ffffffff-2023-09,12
84a9195ffffffff-2023-10,10
84a9195ffffffff-2023-11,7
84a9197ffffffff-2020-05,1
84a9197ffffffff-2022-03,1
84a9197ffffffff-2023-05,2
84a9197ffffffff-2023-10,2
84a9199ffffffff-2016-01,2
84a9199ffffffff-2016-11,1
84a9199ffffffff-2022-05,1
84a9199ffffffff-2023-10,1
84a919bffffffff-2013-02,2
84a919dffffffff-2020-05,1
84a919dffffffff-2022-04,1
84a919dffffffff-2022-05,1
84a919dffffffff-2022-10,1
84a919dffffffff-2023-01,1
84a919dffffffff-2023-04,1
84a919dffffffff-2023-05,1
84a91b1ffffffff-2016-01,3
84a91b1ffffffff-2019-06,1
84a91b1ffffffff-2020-05,1
84a91b1ffffffff-2022-06,1
84a91b1ffffffff-2023-07,1
84a91b3ffffffff-2015-05,1
84a91b3ffffffff-2021-12,1
84a91b3ffffffff-2023-04,1
84a91b3ffffffff-2023-05,2
84a91b3ffffffff-2023-10,1
84a91b3ffffffff-2023-11,1
84a91b5ffffffff-2023-03,1
84a91b5ffffffff-2023-11,1
84a91b7ffffffff-2021-10,1
84a91b9ffffffff-2015-07,1
84a91b9ffffffff-2015-08,1
84a91b9ffffffff-2017-03,1
84a91b9ffffffff-2017-10,1
84a91b9ffffffff-2017-12,2
84a91b9ffffffff-2018-03,1
84a91b9ffffffff-2021-01,1
84a91b9ffffffff-2021-05,1
84a91b9ffffffff-2021-06,2
84a91b9ffffffff-2021-08,1
84a91b9ffffffff-2022-05,1
84a91b9ffffffff-2022-09,2
84a91b9ffffffff-2023-04,1
84a91b9ffffffff-2023-05,4
84a91b9ffffffff-2023-11,1
84a91bbffffffff-2016-04,1
84a91bbffffffff-2017-02,1
84a91bbffffffff-2018-03,1
84a91bbffffffff-2020-05,1
84a91bbffffffff-2020-11,1
84a91bbffffffff-2021-03,3
84a91bbffffffff-2021-06,2
84a91bbffffffff-2021-09,2
84a91bbffffffff-2021-11,1
84a91bbffffffff-2022-02,1
84a91bbffffffff-2022-04,1
84a91bbffffffff-2022-05,1
84a91bbffffffff-2022-11,1
84a91bbffffffff-2023-07,1
84a91bdffffffff-2022-02,1
84a91bdffffffff-2023-01,1
84a91d1ffffffff-2012-07,1
84a91d1ffffffff-2016-03,1
84a91d1ffffffff-2016-11,1
84a91d1ffffffff-2017-03,1
84a91d1ffffffff-2021-01,2
84a91d1ffffffff-2021-05,1
84a91d1ffffffff-2021-09,2
84a91d1ffffffff-2021-10,1
84a91d1ffffffff-2022-01,2
84a91d1ffffffff-2022-06,1
84a91d1ffffffff-2022-07,4
84a91d1ffffffff-2022-08,6
84a91d1ffffffff-2022-12,1
84a91d1ffffffff-2023-02,5
84a91d1ffffffff-2023-04,1
84a91d1ffffffff-2023-05,1
84a91d1ffffffff-2023-09,1
84a91d3ffffffff-2016-11,1
84a91d7ffffffff-2018-05,1
84a91d7ffffffff-2022-11,1
84a91d9ffffffff-2018-09,1
84a91d9ffffffff-2021-12,3
84a91d9ffffffff-2022-07,1
84a91dbffffffff-2016-10,1
84a91dbffffffff-2019-11,9
84a91dbffffffff-2020-02,1
84a91dbffffffff-2022-05,5
84a91dbffffffff-2022-06,20
84a91dbffffffff-2022-10,1
84a9213ffffffff-2017-04,1
84a9283ffffffff-2016-10,1
84a9283ffffffff-2023-01,1
84a9287ffffffff-2020-05,3
84a9287ffffffff-2021-08,2
84a9289ffffffff-2017-05,1
84a9291ffffffff-2021-02,2
84a9291ffffffff-2021-06,3
84a9291ffffffff-2021-08,1
84a9291ffffffff-2021-09,1
84a9291ffffffff-2021-11,2
84a9291ffffffff-2022-10,1
84a9291ffffffff-2022-11,1
84a9291ffffffff-2023-01,1
84a9291ffffffff-2023-09,2
84a9291ffffffff-2023-10,3
84a9293ffffffff-2019-10,2
84a9293ffffffff-2020-11,1
84a9293ffffffff-2021-07,1
84a9293ffffffff-2021-08,1
84a9293ffffffff-2021-09,1
84a9293ffffffff-2023-05,1
84a9297ffffffff-2020-10,1
84a9297ffffffff-2021-02,1
84a9297ffffffff-2023-01,1
84a9297ffffffff-2023-11,1
84a92a3ffffffff-2018-10,1
84a92a3ffffffff-2019-02,1
84a92a5ffffffff-2017-01,2
84a92a5ffffffff-2022-01,1
84a92abffffffff-2019-06,1
84a92abffffffff-2020-05,1
84a92b5ffffffff-2016-10,1
84a92b9ffffffff-2019-12,1
84a92bbffffffff-2020-01,1
84a92c3ffffffff-2020-08,1
84a92c3ffffffff-2021-12,1
84a92c5ffffffff-2017-03,2
84a92c5ffffffff-2017-08,1
84a92c5ffffffff-2019-07,1
84a92c5ffffffff-2019-08,1
84a92c5ffffffff-2019-09,1
84a92c5ffffffff-2020-10,2
84a92c5ffffffff-2020-12,2
84a92c5ffffffff-2022-09,1
84a92c5ffffffff-2023-07,2
84a92c5ffffffff-2023-10,1
84a92c7ffffffff-2019-11,1
84a92c7ffffffff-2023-05,1
84a92cbffffffff-2014-10,1
84a92cbffffffff-2015-12,3
84a92cbffffffff-2016-05,10
84a92cbffffffff-2016-11,4
84a92cbffffffff-2017-02,5
84a92cbffffffff-2017-05,13
84a92cbffffffff-2017-06,3
84a92cbffffffff-2017-07,1
84a92cbffffffff-2017-08,4
84a92cbffffffff-2017-09,4
84a92cbffffffff-2017-10,28
84a92cbffffffff-2017-11,3
84a92cbffffffff-2018-02,1
84a92cbffffffff-2018-03,1
84a92cbffffffff-2018-04,9
84a92cbffffffff-2018-05,2
84a92cbffffffff-2018-08,2
84a92cbffffffff-2018-09,11
84a92cbffffffff-2018-10,2
84a92cbffffffff-2018-11,8
84a92cbffffffff-2018-12,2
84a92cbffffffff-2019-01,3
84a92cbffffffff-2019-02,6
84a92cbffffffff-2019-04,11
84a92cbffffffff-2019-08,2
84a92cbffffffff-2019-09,5
84a92cbffffffff-2019-10,3
84a92cbffffffff-2019-11,3
84a92cbffffffff-2019-12,2
84a92cbffffffff-2020-01,11
84a92cbffffffff-2020-02,9
84a92cbffffffff-2020-03,4
84a92cbffffffff-2020-08,18
84a92cbffffffff-2020-10,25
84a92cbffffffff-2020-11,8
84a92cbffffffff-2021-01,1
84a92cbffffffff-2021-02,7
84a92cbffffffff-2021-03,45
84a92cbffffffff-2021-04,5
84a92cbffffffff-2021-05,7
84a92cbffffffff-2021-06,6
84a92cbffffffff-2021-07,1
84a92cbffffffff-2021-08,3
84a92cbffffffff-2021-10,5
84a92cbffffffff-2021-11,10
84a92cbffffffff-2021-12,8
84a92cbffffffff-2022-01,8
84a92cbffffffff-2022-02,4
84a92cbffffffff-2022-03,8
84a92cbffffffff-2022-04,19
84a92cbffffffff-2022-05,10
84a92cbffffffff-2022-06,4
84a92cbffffffff-2022-07,1
84a92cbffffffff-2022-08,2
84a92cbffffffff-2022-09,29
84a92cbffffffff-2022-10,33
84a92cbffffffff-2022-12,11
84a92cbffffffff-2023-03,2
84a92cbffffffff-2023-05,3
84a92cbffffffff-2023-08,6
84a92cbffffffff-2023-10,20
84a92cbffffffff-2023-11,28
84a92d5ffffffff-2022-06,1
84a92d7ffffffff-2021-05,1
84a92d7ffffffff-2021-11,4
84a92d7ffffffff-2021-12,2
84a92d7ffffffff-2022-11,1
84a92d7ffffffff-2023-11,2
84a92d9ffffffff-2018-06,1
84a92d9ffffffff-2020-02,2
84a92d9ffffffff-2021-12,1
84a92d9ffffffff-2022-10,1
84a92d9ffffffff-2023-03,2
84a92d9ffffffff-2023-07,2
84a92ddffffffff-2022-10,4
84a92ddffffffff-2022-11,4
84a92e1ffffffff-2016-10,3
84a92e1ffffffff-2017-02,1
84a92e1ffffffff-2017-07,1
84a92e1ffffffff-2017-11,1
84a92e1ffffffff-2018-01,1
84a92e1ffffffff-2018-02,1
84a92e1ffffffff-2019-02,2
84a92e1ffffffff-2020-06,1
84a92e1ffffffff-2022-12,1
84a92e1ffffffff-2023-01,2
84a92e1ffffffff-2023-02,1
84a92e1ffffffff-2023-05,4
84a92e1ffffffff-2023-06,3
84a92e1ffffffff-2023-09,2
84a92e1ffffffff-2023-10,2
84a92e1ffffffff-2023-11,2
84a92e3ffffffff-2017-05,1
84a92e3ffffffff-2017-06,1
84a92e3ffffffff-2017-07,1
84a92e3ffffffff-2017-10,1
84a92e3ffffffff-2018-02,1
84a92e3ffffffff-2018-12,1
84a92e3ffffffff-2019-02,1
84a92e3ffffffff-2019-04,1
84a92e3ffffffff-2019-05,1
84a92e3ffffffff-2019-07,1
84a92e3ffffffff-2020-07,2
84a92e3ffffffff-2020-11,1
84a92e3ffffffff-2021-01,1
84a92e3ffffffff-2023-01,2
84a92e9ffffffff-2016-10,2
84a92e9ffffffff-2017-04,1
84a92e9ffffffff-2021-12,1
84a92ebffffffff-2016-04,2
84a92ebffffffff-2016-05,1
84a92ebffffffff-2016-10,2
84a92ebffffffff-2016-11,3
84a92ebffffffff-2016-12,1
84a92ebffffffff-2017-01,1
84a92ebffffffff-2017-03,1
84a92ebffffffff-2017-06,1
84a92ebffffffff-2017-07,2
84a92ebffffffff-2017-11,2
84a92ebffffffff-2018-01,1
84a92ebffffffff-2018-09,1
84a92ebffffffff-2018-12,3
84a92ebffffffff-2019-01,2
84a92ebffffffff-2019-05,1
84a92ebffffffff-2019-06,2
84a92ebffffffff-2019-07,1
84a92ebffffffff-2019-11,1
84a92ebffffffff-2019-12,2
84a92ebffffffff-2020-01,2
84a92ebffffffff-2020-07,1
84a92ebffffffff-2020-08,3
84a92ebffffffff-2020-09,2
84a92ebffffffff-2020-10,3
84a92ebffffffff-2020-11,2
84a92ebffffffff-2020-12,1
84a92ebffffffff-2021-01,2
84a92ebffffffff-2021-03,1
84a92ebffffffff-2021-05,2
84a92ebffffffff-2021-07,1
84a92ebffffffff-2021-08,1
84a92ebffffffff-2021-09,8
84a92ebffffffff-2021-10,3
84a92ebffffffff-2021-11,1
84a92ebffffffff-2022-01,1
84a92ebffffffff-2022-04,1
84a92ebffffffff-2022-05,2
84a92ebffffffff-2022-06,2
84a92ebffffffff-2022-07,1
84a92ebffffffff-2022-08,4
84a92ebffffffff-2022-10,1
84a92ebffffffff-2022-11,2
84a92ebffffffff-2023-01,2
84a92ebffffffff-2023-02,2
84a92ebffffffff-2023-04,2
84a92ebffffffff-2023-05,5
84a92ebffffffff-2023-06,8
84a92ebffffffff-2023-07,9
84a92ebffffffff-2023-08,11
84a92ebffffffff-2023-09,6
84a92ebffffffff-2023-10,7
84a92ebffffffff-2023-11,7
84a9407ffffffff-2022-10,1
84a9407ffffffff-2023-05,1
84a940dffffffff-2017-07,1
84a940dffffffff-2022-09,1
84a940dffffffff-2023-08,4
84a9425ffffffff-2016-04,1
84a943dffffffff-2018-08,4
84a943dffffffff-2021-01,1
84a9443ffffffff-2019-10,2
84a9443ffffffff-2023-06,2
84a9443ffffffff-2023-09,1
84a9443ffffffff-2023-10,1
84a9445ffffffff-2023-05,1
84a9447ffffffff-2017-02,1
84a9447ffffffff-2023-06,2
84a9447ffffffff-2023-07,3
84a9447ffffffff-2023-10,2
84a9449ffffffff-2019-04,1
84a9463ffffffff-2023-06,1
84a9465ffffffff-2022-02,1
84a946bffffffff-2015-10,1
84a946bffffffff-2015-11,1
84a946bffffffff-2017-12,4
84a946bffffffff-2019-03,2
84a946bffffffff-2019-05,2
84a946bffffffff-2019-06,14
84a946bffffffff-2019-10,4
84a946bffffffff-2019-11,1
84a946bffffffff-2020-11,1
84a946bffffffff-2021-01,2
84a946bffffffff-2021-10,5
84a946bffffffff-2022-04,19
84a946bffffffff-2022-07,3
84a946bffffffff-2022-09,8
84a946bffffffff-2022-11,4
84a946bffffffff-2023-01,3
84a946bffffffff-2023-05,6
84a946bffffffff-2023-06,5
84a946bffffffff-2023-07,9
84a9521ffffffff-2021-07,1
84a9521ffffffff-2021-09,1
84a9521ffffffff-2021-10,4
84a9521ffffffff-2021-12,3
84a9521ffffffff-2022-01,3
84a9521ffffffff-2022-03,2
84a9521ffffffff-2022-04,1
84a9521ffffffff-2022-07,1
84a9521ffffffff-2022-09,2
84a9521ffffffff-2022-10,2
84a9521ffffffff-2023-02,2
84a9521ffffffff-2023-03,2
84a9521ffffffff-2023-04,2
84a9521ffffffff-2023-08,1
84a9525ffffffff-2015-10,1
84a9525ffffffff-2017-12,1
84a9525ffffffff-2018-01,1
84a9525ffffffff-2018-05,2
84a9525ffffffff-2018-07,1
84a9525ffffffff-2018-10,1
84a9525ffffffff-2019-10,1
84a9525ffffffff-2019-12,2
84a9525ffffffff-2020-12,1
84a9525ffffffff-2021-02,1
84a9525ffffffff-2021-03,1
84a9525ffffffff-2021-04,1
84a9525ffffffff-2022-01,1
84a9525ffffffff-2022-04,2
84a9525ffffffff-2022-08,1
84a9525ffffffff-2022-09,7
84a9525ffffffff-2022-10,1
84a9525ffffffff-2022-11,2
84a9525ffffffff-2022-12,5
84a9525ffffffff-2023-01,10
84a9525ffffffff-2023-04,2
84a9525ffffffff-2023-05,1
84a9525ffffffff-2023-06,2
84a9525ffffffff-2023-09,5
84a9525ffffffff-2023-10,2
84a9525ffffffff-2023-11,2
84a9527ffffffff-2021-08,1
84a9527ffffffff-2021-11,5
84a9527ffffffff-2022-02,2
84a9527ffffffff-2022-05,2
84a9527ffffffff-2022-08,30
84a9527ffffffff-2022-09,8
84a9527ffffffff-2022-10,1
84a9527ffffffff-2022-11,25
84a9527ffffffff-2023-02,39
84a9527ffffffff-2023-03,4
84a9527ffffffff-2023-04,26
84a9527ffffffff-2023-05,12
84a9527ffffffff-2023-08,4
84a9527ffffffff-2023-11,4
84a952bffffffff-2019-10,1
84a952dffffffff-2018-05,2
84a952dffffffff-2021-09,1
84a952dffffffff-2022-11,2
84a952dffffffff-2023-07,2
84a952dffffffff-2023-08,2
84a9531ffffffff-2013-05,1
84a9531ffffffff-2020-05,1
84a9535ffffffff-2017-09,1
84a953bffffffff-2016-09,1
84a953bffffffff-2018-11,3
84a953bffffffff-2019-06,1
84a953bffffffff-2020-03,2
84a953bffffffff-2020-11,4
84a953bffffffff-2023-02,1
84a9543ffffffff-2022-01,1
84a9545ffffffff-2019-05,2
84a9549ffffffff-2016-10,1
84a9549ffffffff-2017-10,1
84a9549ffffffff-2021-05,1
84a9549ffffffff-2023-05,2
84a9549ffffffff-2023-10,2
84a954bffffffff-2019-10,1
84a954bffffffff-2020-05,1
84a954bffffffff-2022-05,2
84a954dffffffff-2021-10,1
84a9561ffffffff-2023-05,1
84a9561ffffffff-2023-10,1
84a9565ffffffff-2012-09,1
84a9565ffffffff-2019-03,2
84a956bffffffff-2016-10,1
84a956dffffffff-2021-01,1
84a956dffffffff-2022-12,1
84a95edffffffff-2022-06,2
84a95edffffffff-2022-10,1
84a9645ffffffff-2015-12,1
84a9645ffffffff-2018-04,7
84a9645ffffffff-2018-10,5
84a9645ffffffff-2019-03,1
84a9645ffffffff-2021-09,1
84a9645ffffffff-2022-12,3
84a964dffffffff-2022-09,1
84a964dffffffff-2022-10,1
84a964dffffffff-2023-01,1
84a9655ffffffff-2016-06,1
84a9665ffffffff-2015-12,1
84a970dffffffff-2021-10,2
84a970dffffffff-2022-04,1
84a9711ffffffff-2018-11,1
84a9711ffffffff-2021-05,1
84a9711ffffffff-2021-10,2
84a9711ffffffff-2023-07,1
84a9715ffffffff-2023-08,1
84a9717ffffffff-2013-10,1
84a9717ffffffff-2014-09,2
84a9717ffffffff-2015-05,1
84a9717ffffffff-2015-07,4
84a9717ffffffff-2016-05,1
84a9717ffffffff-2016-11,1
84a9717ffffffff-2017-03,4
84a9717ffffffff-2018-01,2
84a9717ffffffff-2018-02,1
84a9717ffffffff-2018-05,2
84a9717ffffffff-2018-10,4
84a9717ffffffff-2018-11,13
84a9717ffffffff-2019-01,1
84a9717ffffffff-2019-05,4
84a9717ffffffff-2019-10,3
84a9717ffffffff-2019-11,1
84a9717ffffffff-2020-01,1
84a9717ffffffff-2020-10,1
84a9717ffffffff-2021-04,1
84a9717ffffffff-2021-05,4
84a9717ffffffff-2021-10,1
84a9717ffffffff-2022-03,1
84a9717ffffffff-2022-08,2
84a9717ffffffff-2022-10,2
84a9717ffffffff-2022-11,5
84a9717ffffffff-2023-05,6
84a9719ffffffff-2021-06,2
84a9719ffffffff-2022-07,2
84a971dffffffff-2019-06,1
84a9723ffffffff-2016-05,2
84a9723ffffffff-2019-09,1
84a9723ffffffff-2020-08,2
84a9723ffffffff-2023-08,4
84a9723ffffffff-2023-11,2
84a9725ffffffff-2020-11,1
84a9725ffffffff-2021-04,1
84a9725ffffffff-2021-05,1
84a9725ffffffff-2022-05,1
84a9725ffffffff-2023-05,1
84a9727ffffffff-2018-11,1
84a972bffffffff-2020-08,1
84a972bffffffff-2021-10,1
84a972bffffffff-2023-01,1
84a9735ffffffff-2023-08,1
84a9737ffffffff-2023-05,1
84a973dffffffff-2019-02,1
84a973dffffffff-2019-09,3
84a9743ffffffff-2018-05,1
84a9747ffffffff-2013-08,1
84a974dffffffff-2020-05,1
84a974dffffffff-2021-05,1
84a974dffffffff-2021-07,1
84a974dffffffff-2021-11,1
84a974dffffffff-2021-12,1
84a974dffffffff-2022-07,1
84a9761ffffffff-2013-12,1
84a9761ffffffff-2020-02,5
84a9765ffffffff-2012-10,1
84a9765ffffffff-2013-04,1
84a9765ffffffff-2013-07,1
84a9765ffffffff-2014-03,1
84a9765ffffffff-2016-12,1
84a9765ffffffff-2018-09,1
84a9765ffffffff-2019-08,1
84a9765ffffffff-2019-10,3
84a9765ffffffff-2019-11,5
84a9765ffffffff-2019-12,2
84a9765ffffffff-2020-01,2
84a9765ffffffff-2020-02,2
84a9765ffffffff-2020-03,1
84a9765ffffffff-2020-10,4
84a9765ffffffff-2020-11,7
84a9765ffffffff-2021-01,2
84a9765ffffffff-2021-04,1
84a9765ffffffff-2021-06,1
84a9765ffffffff-2021-10,2
84a9765ffffffff-2021-11,3
84a9765ffffffff-2022-03,1
84a9765ffffffff-2022-04,5
84a9765ffffffff-2022-05,2
84a9765ffffffff-2022-06,1
84a9765ffffffff-2022-12,1
84a9765ffffffff-2023-01,1
84a9765ffffffff-2023-02,1
84a9765ffffffff-2023-04,3
84a9765ffffffff-2023-05,1
84a9765ffffffff-2023-06,1
84a9765ffffffff-2023-07,1
84a9765ffffffff-2023-10,2
84a9767ffffffff-2023-10,1
84c2c03ffffffff-2023-04,4
84c2c03ffffffff-2023-10,2
84c2c05ffffffff-2018-03,1
84c2c05ffffffff-2018-11,1
84c2c05ffffffff-2022-02,2
84c2c05ffffffff-2022-08,1
84c2c07ffffffff-2020-01,2
84c2c11ffffffff-2022-11,1
84c2c11ffffffff-2023-02,1
84c2c11ffffffff-2023-03,1
84c2c11ffffffff-2023-10,1
84c2c15ffffffff-2022-05,1
84c2c15ffffffff-2023-10,2
84c2c17ffffffff-2015-07,1
84c2c17ffffffff-2015-09,1
84c2c17ffffffff-2019-12,2
84c2c17ffffffff-2020-08,1
84c2c17ffffffff-2020-10,13
84c2c17ffffffff-2020-12,2
84c2c17ffffffff-2021-02,2
84c2c17ffffffff-2021-04,2
84c2c17ffffffff-2021-05,2
84c2c17ffffffff-2021-06,2
84c2c17ffffffff-2021-07,2
84c2c17ffffffff-2021-08,1
84c2c17ffffffff-2021-09,2
84c2c17ffffffff-2021-10,9
84c2c17ffffffff-2021-11,2
84c2c17ffffffff-2021-12,3
84c2c17ffffffff-2022-01,3
84c2c17ffffffff-2022-02,3
84c2c17ffffffff-2022-04,1
84c2c17ffffffff-2022-05,6
84c2c17ffffffff-2022-07,3
84c2c17ffffffff-2022-08,2
84c2c17ffffffff-2022-09,1
84c2c17ffffffff-2022-10,3
84c2c17ffffffff-2022-11,3
84c2c17ffffffff-2023-04,2
84c2c17ffffffff-2023-06,2
84c2c17ffffffff-2023-08,7
84c2c17ffffffff-2023-09,2
84c2c17ffffffff-2023-10,10
84c2c17ffffffff-2023-11,1
84c2c19ffffffff-2015-10,1
84c2c19ffffffff-2017-06,1
84c2c19ffffffff-2019-06,2
84c2c19ffffffff-2021-01,1
84c2c19ffffffff-2022-06,2
84c2c19ffffffff-2023-04,2
84c2c19ffffffff-2023-05,1
84c2c1dffffffff-2015-06,3
84c2c1dffffffff-2016-10,3
84c2c1dffffffff-2016-11,1
84c2c1dffffffff-2017-04,2
84c2c1dffffffff-2017-09,2
84c2c1dffffffff-2018-05,1
84c2c1dffffffff-2018-09,1
84c2c1dffffffff-2018-12,4
84c2c1dffffffff-2019-03,2
84c2c1dffffffff-2019-05,1
84c2c1dffffffff-2019-09,1
84c2c1dffffffff-2019-10,7
84c2c1dffffffff-2020-05,1
84c2c1dffffffff-2020-10,2
84c2c1dffffffff-2020-12,1
84c2c1dffffffff-2021-02,3
84c2c1dffffffff-2021-05,2
84c2c1dffffffff-2021-07,2
84c2c1dffffffff-2021-08,1
84c2c1dffffffff-2021-11,1
84c2c1dffffffff-2022-02,3
84c2c1dffffffff-2022-03,5
84c2c1dffffffff-2022-05,5
84c2c1dffffffff-2022-07,3
84c2c1dffffffff-2022-10,2
84c2c1dffffffff-2022-11,4
84c2c1dffffffff-2023-02,1
84c2c1dffffffff-2023-07,1
84c2c1dffffffff-2023-10,1
84c2c1dffffffff-2023-11,6
84c2c33ffffffff-2015-05,6
84c2c33ffffffff-2023-09,1
84c2c37ffffffff-2019-01,2
84c2c37ffffffff-2020-10,4
84c2c37ffffffff-2021-10,2
84c2c37ffffffff-2022-10,1
84c2c39ffffffff-2018-07,1
84c2c39ffffffff-2019-07,1
84c2c39ffffffff-2023-10,1
84c2c3dffffffff-2020-07,1
84c2c3dffffffff-2021-10,1
84c2c51ffffffff-2022-11,1
84c2c5bffffffff-2016-12,1
84c2c5bffffffff-2017-01,2
84c2c5bffffffff-2022-04,1
84c2c63ffffffff-2023-01,4
84c2ca5ffffffff-2022-12,1
84c2ca7ffffffff-2015-11,1
84c2ca7ffffffff-2016-05,4
84c2cadffffffff-2015-07,1
84c2cadffffffff-2018-07,1
84c2cadffffffff-2020-08,1
84c2cadffffffff-2020-10,2
84c2cadffffffff-2021-07,2
84c2cadffffffff-2021-11,1
84c2cadffffffff-2022-10,3
84c2cadffffffff-2023-01,1
84c2cadffffffff-2023-08,1
84c2cadffffffff-2023-11,3
84c2ce1ffffffff-2014-10,1
84c2ce1ffffffff-2014-11,1
84c2ce1ffffffff-2019-07,1
84c2ce1ffffffff-2021-09,2
84c2ce1ffffffff-2022-01,1
84c2ce1ffffffff-2023-10,1
84c2ce5ffffffff-2021-11,1
84c2ce5ffffffff-2022-03,1
84c2ce5ffffffff-2022-08,3
84c2ce5ffffffff-2022-09,4
84c2ce5ffffffff-2023-08,1
84c2ce5ffffffff-2023-09,2
84c2ce5ffffffff-2023-11,6
84c2ce7ffffffff-2017-10,6
84c2ce7ffffffff-2019-02,1
84c2ce7ffffffff-2019-09,1
84c2ce7ffffffff-2020-02,6
84c2ce7ffffffff-2020-09,1
84c2ce7ffffffff-2020-11,2
84c2ce7ffffffff-2021-07,1
84c2ce7ffffffff-2021-10,1
84c2ce7ffffffff-2023-09,5
84c2cedffffffff-2020-02,1
84c2cedffffffff-2021-09,1
84c2cedffffffff-2021-10,1
84c2cedffffffff-2021-12,1
84c2d01ffffffff-2018-12,1
84c2d01ffffffff-2020-08,2
84c2d01ffffffff-2020-11,1
84c2d01ffffffff-2023-07,1
84c2d01ffffffff-2023-09,2
84c2d03ffffffff-2012-12,1
84c2d03ffffffff-2016-11,1
84c2d03ffffffff-2017-09,1
84c2d03ffffffff-2018-01,1
84c2d03ffffffff-2018-11,1
84c2d03ffffffff-2019-04,2
84c2d03ffffffff-2020-08,6
84c2d03ffffffff-2020-09,2
84c2d03ffffffff-2020-11,2
84c2d03ffffffff-2021-10,8
84c2d03ffffffff-2022-04,6
84c2d03ffffffff-2022-06,1
84c2d03ffffffff-2022-08,1
84c2d03ffffffff-2022-10,1
84c2d03ffffffff-2023-02,1
84c2d03ffffffff-2023-07,1
84c2d03ffffffff-2023-09,1
84c2d03ffffffff-2023-10,5
84c2d03ffffffff-2023-11,9
84c2d05ffffffff-2019-05,4
84c2d05ffffffff-2021-05,2
84c2d05ffffffff-2022-10,2
84c2d05ffffffff-2022-11,2
84c2d05ffffffff-2023-01,1
84c2d07ffffffff-2023-02,3
84c2d13ffffffff-2023-01,1
84c2d17ffffffff-2019-08,2
84c2d17ffffffff-2019-09,6
84c2d17ffffffff-2023-01,1
84c2d17ffffffff-2023-10,1
84c2d1dffffffff-2012-04,5
84c2d1dffffffff-2018-12,1
84c2d1dffffffff-2019-05,4
84c2d23ffffffff-2021-11,2
84c2d2bffffffff-2019-03,1
84c2d31ffffffff-2015-11,1
84c2d31ffffffff-2016-08,1
84c2d31ffffffff-2017-07,2
84c2d31ffffffff-2018-04,3
84c2d31ffffffff-2020-06,1
84c2d31ffffffff-2021-08,1
84c2d31ffffffff-2021-10,2
84c2d31ffffffff-2022-09,2
84c2d31ffffffff-2023-04,5
84c2d31ffffffff-2023-07,2
84c2d31ffffffff-2023-10,1
84c2d35ffffffff-2022-09,2
84c2d35ffffffff-2022-10,3
84c2d37ffffffff-2020-08,2
84c2d37ffffffff-2020-10,2
84c2d37ffffffff-2020-11,4
84c2d37ffffffff-2021-07,2
84c2d37ffffffff-2023-09,2
84c2d37ffffffff-2023-10,3
84c2d39ffffffff-2019-11,4
84c2d39ffffffff-2020-11,1
84c2d39ffffffff-2023-03,3
84c2d39ffffffff-2023-06,1
84c2d3bffffffff-2022-05,2
84c2d43ffffffff-2014-10,1
84c2d43ffffffff-2015-10,1
84c2d43ffffffff-2017-10,4
84c2d43ffffffff-2018-11,1
84c2d43ffffffff-2019-01,2
84c2d43ffffffff-2019-09,1
84c2d43ffffffff-2019-12,2
84c2d43ffffffff-2020-10,2
84c2d43ffffffff-2020-11,2
84c2d43ffffffff-2020-12,1
84c2d43ffffffff-2021-01,2
84c2d43ffffffff-2021-10,1
84c2d43ffffffff-2022-04,2
84c2d43ffffffff-2023-10,3
84c2d45ffffffff-2020-02,1
84c2d45ffffffff-2021-10,2
84c2d45ffffffff-2022-01,2
84c2d49ffffffff-2019-04,2
84c2d49ffffffff-2020-02,1
84c2d49ffffffff-2020-10,3
84c2d49ffffffff-2020-11,1
84c2d49ffffffff-2020-12,1
84c2d49ffffffff-2021-01,1
84c2d49ffffffff-2021-03,1
84c2d49ffffffff-2021-05,2
84c2d49ffffffff-2021-06,14
84c2d49ffffffff-2021-10,2
84c2d49ffffffff-2021-11,2
84c2d49ffffffff-2021-12,1
84c2d49ffffffff-2022-01,1
84c2d49ffffffff-2022-04,2
84c2d49ffffffff-2022-06,2
84c2d49ffffffff-2022-07,1
84c2d49ffffffff-2022-08,1
84c2d49ffffffff-2022-10,4
84c2d49ffffffff-2022-11,2
84c2d49ffffffff-2023-02,1
84c2d49ffffffff-2023-04,2
84c2d49ffffffff-2023-09,1
84c2d49ffffffff-2023-11,2
84c2d4bffffffff-2016-10,2
84c2d4bffffffff-2017-07,1
84c2d4bffffffff-2017-09,1
84c2d4bffffffff-2017-10,2
84c2d4bffffffff-2017-11,6
84c2d4bffffffff-2019-01,2
84c2d4bffffffff-2019-09,1
84c2d4bffffffff-2019-11,1
84c2d4bffffffff-2019-12,1
84c2d4bffffffff-2020-01,2
84c2d4bffffffff-2020-05,2
84c2d4bffffffff-2020-09,1
84c2d4bffffffff-2020-10,2
84c2d4bffffffff-2020-11,3
84c2d4bffffffff-2020-12,1
84c2d4bffffffff-2021-02,3
84c2d4bffffffff-2021-05,3
84c2d4bffffffff-2021-06,2
84c2d4bffffffff-2021-07,1
84c2d4bffffffff-2021-08,1
84c2d4bffffffff-2021-11,1
84c2d4bffffffff-2021-12,3
84c2d4bffffffff-2022-02,12
84c2d4bffffffff-2022-08,2
84c2d4bffffffff-2022-10,3
84c2d4bffffffff-2022-12,1
84c2d4bffffffff-2023-01,1
84c2d4bffffffff-2023-02,2
84c2d4bffffffff-2023-09,1
84c2d4dffffffff-2022-02,2
84c2d4dffffffff-2023-07,1
84c2d4dffffffff-2023-10,2
84c2d55ffffffff-2020-11,1
84c2d57ffffffff-2016-04,1
84c2d57ffffffff-2023-09,1
84c2d5bffffffff-2022-10,1
84c2d5dffffffff-2020-10,1
84c2d63ffffffff-2022-11,1
84c2d6bffffffff-2022-01,1
84c2d81ffffffff-2021-03,1
84c2d81ffffffff-2022-11,2
84c2d81ffffffff-2022-12,2
84c2d85ffffffff-2012-11,2
84c2d85ffffffff-2012-12,1
84c2d85ffffffff-2014-12,4
84c2d85ffffffff-2015-11,1
84c2d85ffffffff-2016-02,1
84c2d85ffffffff-2016-11,6
84c2d85ffffffff-2017-04,1
84c2d85ffffffff-2017-09,2
84c2d85ffffffff-2017-10,1
84c2d85ffffffff-2018-02,9
84c2d85ffffffff-2018-10,2
84c2d85ffffffff-2019-03,2
84c2d85ffffffff-2019-07,1
84c2d85ffffffff-2019-08,1
84c2d85ffffffff-2019-11,14
84c2d85ffffffff-2020-01,1
84c2d85ffffffff-2020-07,2
84c2d85ffffffff-2020-08,3
84c2d85ffffffff-2020-10,4
84c2d85ffffffff-2021-06,1
84c2d85ffffffff-2021-09,1
84c2d85ffffffff-2021-11,1
84c2d85ffffffff-2022-04,1
84c2d85ffffffff-2022-07,1
84c2d85ffffffff-2022-09,2
84c2d85ffffffff-2022-10,6
84c2d85ffffffff-2022-11,3
84c2d85ffffffff-2022-12,2
84c2d85ffffffff-2023-07,1
84c2d85ffffffff-2023-08,1
84c2d85ffffffff-2023-11,39
84c2d87ffffffff-2019-09,2
84c2d87ffffffff-2022-06,1
84c2d8dffffffff-2016-10,1
84c2d8dffffffff-2018-06,3
84c2d8dffffffff-2018-11,1
84c2d8dffffffff-2019-10,2
84c2d8dffffffff-2020-09,2
84c2d8dffffffff-2020-10,2
84c2d8dffffffff-2020-11,2
84c2d8dffffffff-2021-01,1
84c2d8dffffffff-2021-06,3
84c2d8dffffffff-2021-07,1
84c2d8dffffffff-2022-01,9
84c2d8dffffffff-2022-05,3
84c2d8dffffffff-2022-08,1
84c2d8dffffffff-2022-10,1
84c2d8dffffffff-2023-02,1
84c2d8dffffffff-2023-09,1
84c2d93ffffffff-2015-10,1
84c2d93ffffffff-2017-11,2
84c2d93ffffffff-2018-10,2
84c2d93ffffffff-2019-03,1
84c2d93ffffffff-2019-11,6
84c2d93ffffffff-2020-11,13
84c2d93ffffffff-2021-04,2
84c2d93ffffffff-2021-11,19
84c2d93ffffffff-2021-12,2
84c2d93ffffffff-2022-02,16
84c2d93ffffffff-2022-03,5
84c2d93ffffffff-2022-10,3
84c2d93ffffffff-2023-07,1
84c2d97ffffffff-2021-10,1
84c2d97ffffffff-2023-04,2
84c2d99ffffffff-2015-11,1
84c2d99ffffffff-2017-04,1
84c2d99ffffffff-2018-03,1
84c2d99ffffffff-2021-09,1
84c2d99ffffffff-2022-04,1
84c2d99ffffffff-2022-06,1
84c2d99ffffffff-2022-09,1
84c2d99ffffffff-2023-01,1
84c2d99ffffffff-2023-02,1
84c2d99ffffffff-2023-04,2
84c2d99ffffffff-2023-09,1
84c2d9bffffffff-2016-11,1
84c2d9bffffffff-2020-05,1
84c2d9bffffffff-2020-08,1
84c2d9bffffffff-2020-09,3
84c2d9bffffffff-2020-10,1
84c2d9bffffffff-2021-10,1
84c2d9bffffffff-2021-12,3
84c2d9bffffffff-2022-10,3
84c2d9bffffffff-2022-12,3
84c2d9dffffffff-2015-03,1
84c2d9dffffffff-2023-07,1
84c2da3ffffffff-2015-11,1
84c2da3ffffffff-2020-05,3
84c2da3ffffffff-2021-11,2
84c2da5ffffffff-2023-05,1
84c2dabffffffff-2018-02,1
84c2dabffffffff-2019-10,1
84c2dabffffffff-2020-02,1
84c2dabffffffff-2020-11,1
84c2dabffffffff-2021-05,3
84c2dabffffffff-2022-09,1
84c2dabffffffff-2023-05,1
84c2db1ffffffff-2016-11,1
84c2db1ffffffff-2023-10,1
84c2db3ffffffff-2022-09,2
84c2db9ffffffff-2021-11,2
84c2db9ffffffff-2022-08,1
84c2db9ffffffff-2023-03,3
84c2db9ffffffff-2023-08,1
84c2dbbffffffff-2015-12,1
84c2dbbffffffff-2020-05,3
84c2dbbffffffff-2021-07,1
84c2dbbffffffff-2021-11,1
84c2dbbffffffff-2021-12,1
84c2dbbffffffff-2022-09,1
84c2dbbffffffff-2023-03,1
84c2dc7ffffffff-2017-03,1
84c2dc7ffffffff-2018-05,1
84c2dc7ffffffff-2019-10,1
84c2dc7ffffffff-2020-02,3
84c2dc7ffffffff-2020-10,1
84c2dc7ffffffff-2021-05,1
84c2dd5ffffffff-2018-08,1
84c2dd5ffffffff-2020-02,2
84c2dd5ffffffff-2021-11,1
84c2dd5ffffffff-2023-04,2
84c2ddbffffffff-2021-04,1
84c2ddbffffffff-2022-06,1
84c2dddffffffff-2023-03,2
84c2de1ffffffff-2021-02,1
84c2de1ffffffff-2023-03,1
84c2debffffffff-2022-05,2
84c2dedffffffff-2019-09,1
84c2dedffffffff-2021-02,2
84c2dedffffffff-2021-08,1
84c2e31ffffffff-2014-02,1
84c2e31ffffffff-2014-06,1
84c2e31ffffffff-2014-09,1
84c2e31ffffffff-2014-10,1
84c2e31ffffffff-2015-01,1
84c2e31ffffffff-2015-05,1
84c2e31ffffffff-2015-10,7
84c2e31ffffffff-2016-07,2
84c2e31ffffffff-2016-09,1
84c2e31ffffffff-2016-11,1
84c2e31ffffffff-2016-12,1
84c2e31ffffffff-2017-01,7
84c2e31ffffffff-2017-02,2
84c2e31ffffffff-2017-03,12
84c2e31ffffffff-2017-05,2
84c2e31ffffffff-2017-06,2
84c2e31ffffffff-2017-09,7
84c2e31ffffffff-2017-10,1
84c2e31ffffffff-2017-11,13
84c2e31ffffffff-2017-12,5
84c2e31ffffffff-2018-01,5
84c2e31ffffffff-2018-02,4
84c2e31ffffffff-2018-03,7
84c2e31ffffffff-2018-04,3
84c2e31ffffffff-2018-05,1
84c2e31ffffffff-2018-08,5
84c2e31ffffffff-2018-09,3
84c2e31ffffffff-2018-10,13
84c2e31ffffffff-2018-11,8
84c2e31ffffffff-2018-12,7
84c2e31ffffffff-2019-01,10
84c2e31ffffffff-2019-02,12
84c2e31ffffffff-2019-03,9
84c2e31ffffffff-2019-06,2
84c2e31ffffffff-2019-07,1
84c2e31ffffffff-2019-08,1
84c2e31ffffffff-2019-09,11
84c2e31ffffffff-2019-10,19
84c2e31ffffffff-2019-11,14
84c2e31ffffffff-2019-12,1
84c2e31ffffffff-2020-01,32
84c2e31ffffffff-2020-02,11
84c2e31ffffffff-2020-03,4
84c2e31ffffffff-2020-06,1
84c2e31ffffffff-2020-08,1
84c2e31ffffffff-2020-09,1
84c2e31ffffffff-2020-10,15
84c2e31ffffffff-2020-11,3
84c2e31ffffffff-2020-12,9
84c2e31ffffffff-2021-01,7
84c2e31ffffffff-2021-02,19
84c2e31ffffffff-2021-03,11
84c2e31ffffffff-2021-04,5
84c2e31ffffffff-2021-05,8
84c2e31ffffffff-2021-06,6
84c2e31ffffffff-2021-07,22
84c2e31ffffffff-2021-08,17
84c2e31ffffffff-2021-09,13
84c2e31ffffffff-2021-10,26
84c2e31ffffffff-2021-11,26
84c2e31ffffffff-2021-12,12
84c2e31ffffffff-2022-01,23
84c2e31ffffffff-2022-02,11
84c2e31ffffffff-2022-03,9
84c2e31ffffffff-2022-04,11
84c2e31ffffffff-2022-05,31
84c2e31ffffffff-2022-06,40
84c2e31ffffffff-2022-07,40
84c2e31ffffffff-2022-08,22
84c2e31ffffffff-2022-09,30
84c2e31ffffffff-2022-10,30
84c2e31ffffffff-2022-11,16
84c2e31ffffffff-2022-12,16
84c2e31ffffffff-2023-01,9
84c2e31ffffffff-2023-02,15
84c2e31ffffffff-2023-03,16
84c2e31ffffffff-2023-04,7
84c2e31ffffffff-2023-05,12
84c2e31ffffffff-2023-06,19
84c2e31ffffffff-2023-07,45
84c2e31ffffffff-2023-08,24
84c2e31ffffffff-2023-09,36
84c2e31ffffffff-2023-10,52
84c2e31ffffffff-2023-11,92
84c2e33ffffffff-2012-03,1
84c2e33ffffffff-2012-06,3
84c2e33ffffffff-2012-12,1
84c2e33ffffffff-2013-10,1
84c2e33ffffffff-2013-11,1
84c2e33ffffffff-2013-12,2
84c2e33ffffffff-2014-01,3
84c2e33ffffffff-2014-02,1
84c2e33ffffffff-2014-03,4
84c2e33ffffffff-2014-05,3
84c2e33ffffffff-2015-01,2
84c2e33ffffffff-2015-05,5
84c2e33ffffffff-2015-06,4
84c2e33ffffffff-2015-08,1
84c2e33ffffffff-2015-10,6
84c2e33ffffffff-2015-11,2
84c2e33ffffffff-2015-12,3
84c2e33ffffffff-2016-02,5
84c2e33ffffffff-2016-03,4
84c2e33ffffffff-2016-06,2
84c2e33ffffffff-2016-07,1
84c2e33ffffffff-2016-09,7
84c2e33ffffffff-2016-10,3
84c2e33ffffffff-2016-11,7
84c2e33ffffffff-2016-12,2
84c2e33ffffffff-2017-01,3
84c2e33ffffffff-2017-02,7
84c2e33ffffffff-2017-03,7
84c2e33ffffffff-2017-04,6
84c2e33ffffffff-2017-05,9
84c2e33ffffffff-2017-06,6
84c2e33ffffffff-2017-07,2
84c2e33ffffffff-2017-08,5
84c2e33ffffffff-2017-09,11
84c2e33ffffffff-2017-10,8
84c2e33ffffffff-2017-11,4
84c2e33ffffffff-2017-12,1
84c2e33ffffffff-2018-01,21
84c2e33ffffffff-2018-02,5
84c2e33ffffffff-2018-03,4
84c2e33ffffffff-2018-04,3
84c2e33ffffffff-2018-05,4
84c2e33ffffffff-2018-06,3
84c2e33ffffffff-2018-07,8
84c2e33ffffffff-2018-08,7
84c2e33ffffffff-2018-09,3
84c2e33ffffffff-2018-10,12
84c2e33ffffffff-2018-11,5
84c2e33ffffffff-2018-12,1
84c2e33ffffffff-2019-01,6
84c2e33ffffffff-2019-02,3
84c2e33ffffffff-2019-03,7
84c2e33ffffffff-2019-05,4
84c2e33ffffffff-2019-06,2
84c2e33ffffffff-2019-07,3
84c2e33ffffffff-2019-08,5
84c2e33ffffffff-2019-09,2
84c2e33ffffffff-2019-10,13
84c2e33ffffffff-2019-11,9
84c2e33ffffffff-2019-12,4
84c2e33ffffffff-2020-01,6
84c2e33ffffffff-2020-02,6
84c2e33ffffffff-2020-03,1
84c2e33ffffffff-2020-04,2
84c2e33ffffffff-2020-05,3
84c2e33ffffffff-2020-07,1
84c2e33ffffffff-2020-08,2
84c2e33ffffffff-2020-09,5
84c2e33ffffffff-2020-10,13
84c2e33ffffffff-2020-11,20
84c2e33ffffffff-2020-12,11
84c2e33ffffffff-2021-01,10
84c2e33ffffffff-2021-02,6
84c2e33ffffffff-2021-03,6
84c2e33ffffffff-2021-04,15
84c2e33ffffffff-2021-05,7
84c2e33ffffffff-2021-06,2
84c2e33ffffffff-2021-07,11
84c2e33ffffffff-2021-08,10
84c2e33ffffffff-2021-09,5
84c2e33ffffffff-2021-10,17
84c2e33ffffffff-2021-11,5
84c2e33ffffffff-2021-12,3
84c2e33ffffffff-2022-01,4
84c2e33ffffffff-2022-02,17
84c2e33ffffffff-2022-03,1
84c2e33ffffffff-2022-04,4
84c2e33ffffffff-2022-05,13
84c2e33ffffffff-2022-06,7
84c2e33ffffffff-2022-07,12
84c2e33ffffffff-2022-09,10
84c2e33ffffffff-2022-10,13
84c2e33ffffffff-2022-11,8
84c2e33ffffffff-2022-12,2
84c2e33ffffffff-2023-01,4
84c2e33ffffffff-2023-02,8
84c2e33ffffffff-2023-03,7
84c2e33ffffffff-2023-04,7
84c2e33ffffffff-2023-05,6
84c2e33ffffffff-2023-06,4
84c2e33ffffffff-2023-07,12
84c2e33ffffffff-2023-08,9
84c2e33ffffffff-2023-09,4
84c2e33ffffffff-2023-10,21
84c2e33ffffffff-2023-11,11
84c2e37ffffffff-2015-05,3
84c2e37ffffffff-2021-02,1
84c2e3bffffffff-2019-06,1
84c2e3bffffffff-2020-08,1
84c2e3bffffffff-2020-09,1
84c2e3bffffffff-2021-05,2
84c2e3dffffffff-2019-08,1
84c2e3dffffffff-2021-03,1
84c2ee5ffffffff-2015-03,3
84c2ee5ffffffff-2015-08,1
84c2ee5ffffffff-2017-07,2
84c2ee5ffffffff-2021-10,1
84c2ee5ffffffff-2021-11,1
84c2ee5ffffffff-2022-05,2
84c2ee5ffffffff-2022-06,1
84c2ee5ffffffff-2023-01,1
84c2ee5ffffffff-2023-02,1
84c2ee5ffffffff-2023-03,1
84c2ee5ffffffff-2023-08,1
84c2ee5ffffffff-2023-10,1
84c2f07ffffffff-2023-02,1
84c2f07ffffffff-2023-03,1
84c2f07ffffffff-2023-08,1
84c2f23ffffffff-2019-02,1
84c2f23ffffffff-2022-12,1
84c2f23ffffffff-2023-01,1
84c2f23ffffffff-2023-06,2
84c2f23ffffffff-2023-08,1
84c2f2bffffffff-2019-10,2
84c2f2bffffffff-2022-10,1
84c2f31ffffffff-2014-05,1
84c2f31ffffffff-2014-09,1
84c2f31ffffffff-2016-05,1
84c2f31ffffffff-2016-08,2
84c2f31ffffffff-2017-03,1
84c2f31ffffffff-2017-06,1
84c2f31ffffffff-2017-11,1
84c2f31ffffffff-2018-02,1
84c2f31ffffffff-2018-05,3
84c2f31ffffffff-2018-10,4
84c2f31ffffffff-2019-01,2
84c2f31ffffffff-2019-03,3
84c2f31ffffffff-2019-05,2
84c2f31ffffffff-2019-07,1
84c2f31ffffffff-2019-08,1
84c2f31ffffffff-2019-12,1
84c2f31ffffffff-2020-01,3
84c2f31ffffffff-2020-02,1
84c2f31ffffffff-2020-04,1
84c2f31ffffffff-2020-09,1
84c2f31ffffffff-2020-10,2
84c2f31ffffffff-2021-01,2
84c2f31ffffffff-2021-02,5
84c2f31ffffffff-2021-03,1
84c2f31ffffffff-2021-04,2
84c2f31ffffffff-2021-07,1
84c2f31ffffffff-2021-08,1
84c2f31ffffffff-2021-10,2
84c2f31ffffffff-2021-12,3
84c2f31ffffffff-2022-02,1
84c2f31ffffffff-2022-04,2
84c2f31ffffffff-2022-05,2
84c2f31ffffffff-2022-06,1
84c2f31ffffffff-2022-07,1
84c2f31ffffffff-2022-08,4
84c2f31ffffffff-2022-09,1
84c2f31ffffffff-2022-11,1
84c2f31ffffffff-2023-01,2
84c2f31ffffffff-2023-04,2
84c2f31ffffffff-2023-05,1
84c2f31ffffffff-2023-08,1
84c2f31ffffffff-2023-09,1
84c2f31ffffffff-2023-10,3
84c2f31ffffffff-2023-11,1
84c2f33ffffffff-2022-08,2
84c2f35ffffffff-2015-05,1
84c2f35ffffffff-2017-11,1
84c2f35ffffffff-2018-05,1
84c2f35ffffffff-2018-06,1
84c2f35ffffffff-2018-09,1
84c2f35ffffffff-2018-11,1
84c2f35ffffffff-2019-01,1
84c2f35ffffffff-2019-04,5
84c2f35ffffffff-2019-05,3
84c2f35ffffffff-2019-06,1
84c2f35ffffffff-2019-07,3
84c2f35ffffffff-2019-10,6
84c2f35ffffffff-2019-12,1
84c2f35ffffffff-2020-01,1
84c2f35ffffffff-2020-02,1
84c2f35ffffffff-2020-03,1
84c2f35ffffffff-2020-05,4
84c2f35ffffffff-2020-06,2
84c2f35ffffffff-2020-07,1
84c2f35ffffffff-2020-09,1
84c2f35ffffffff-2020-10,5
84c2f35ffffffff-2020-12,1
84c2f35ffffffff-2021-03,5
84c2f35ffffffff-2021-05,1
84c2f35ffffffff-2021-10,1
84c2f35ffffffff-2021-11,3
84c2f35ffffffff-2021-12,2
84c2f35ffffffff-2022-01,2
84c2f35ffffffff-2022-02,2
84c2f35ffffffff-2022-06,6
84c2f35ffffffff-2022-07,1
84c2f35ffffffff-2022-08,1
84c2f35ffffffff-2022-09,1
84c2f35ffffffff-2022-10,2
84c2f35ffffffff-2022-11,2
84c2f35ffffffff-2022-12,1
84c2f35ffffffff-2023-02,1
84c2f35ffffffff-2023-03,2
84c2f35ffffffff-2023-04,1
84c2f35ffffffff-2023-07,2
84c2f35ffffffff-2023-08,9
84c2f35ffffffff-2023-09,1
84c2f35ffffffff-2023-11,1
84c2f37ffffffff-2017-10,1
84c2f37ffffffff-2017-11,1
84c2f37ffffffff-2018-08,1
84c2f37ffffffff-2018-10,1
84c2f37ffffffff-2018-11,2
84c2f37ffffffff-2018-12,2
84c2f37ffffffff-2019-04,2
84c2f37ffffffff-2019-05,2
84c2f37ffffffff-2019-07,1
84c2f37ffffffff-2019-09,2
84c2f37ffffffff-2019-10,1
84c2f37ffffffff-2019-11,4
84c2f37ffffffff-2019-12,7
84c2f37ffffffff-2020-01,1
84c2f37ffffffff-2020-06,1
84c2f37ffffffff-2020-08,2
84c2f37ffffffff-2020-09,1
84c2f37ffffffff-2020-10,1
84c2f37ffffffff-2020-12,2
84c2f37ffffffff-2021-03,1
84c2f37ffffffff-2021-04,5
84c2f37ffffffff-2021-08,1
84c2f37ffffffff-2021-11,2
84c2f37ffffffff-2021-12,3
84c2f37ffffffff-2022-01,1
84c2f37ffffffff-2022-02,1
84c2f37ffffffff-2022-03,2
84c2f37ffffffff-2022-05,1
84c2f37ffffffff-2022-06,2
84c2f37ffffffff-2022-09,2
84c2f37ffffffff-2022-12,3
84c2f37ffffffff-2023-03,3
84c2f37ffffffff-2023-05,2
84c2f37ffffffff-2023-08,2
84c2f37ffffffff-2023-09,3
84c2f37ffffffff-2023-11,1
84c2f39ffffffff-2018-08,1
84c2f39ffffffff-2019-01,1
84c2f39ffffffff-2020-09,1
84c2f39ffffffff-2021-11,3
84c2f39ffffffff-2022-01,1
84c2f39ffffffff-2022-06,1
84c2f39ffffffff-2023-01,2
84c2f39ffffffff-2023-02,1
84c2f39ffffffff-2023-04,1
84c2f39ffffffff-2023-09,2
84c2f3dffffffff-2015-05,1
84c2f3dffffffff-2016-05,1
84c2f3dffffffff-2017-01,1
84c2f3dffffffff-2017-04,1
84c2f3dffffffff-2017-05,1
84c2f3dffffffff-2017-09,1
84c2f3dffffffff-2017-10,2
84c2f3dffffffff-2018-09,1
84c2f3dffffffff-2018-10,1
84c2f3dffffffff-2019-01,1
84c2f3dffffffff-2019-03,2
84c2f3dffffffff-2019-04,2
84c2f3dffffffff-2019-07,1
84c2f3dffffffff-2019-09,1
84c2f3dffffffff-2019-10,2
84c2f3dffffffff-2019-11,1
84c2f3dffffffff-2020-01,4
84c2f3dffffffff-2020-08,2
84c2f3dffffffff-2020-10,1
84c2f3dffffffff-2020-12,3
84c2f3dffffffff-2021-07,1
84c2f3dffffffff-2021-09,1
84c2f3dffffffff-2021-10,1
84c2f3dffffffff-2021-11,7
84c2f3dffffffff-2022-01,2
84c2f3dffffffff-2022-02,1
84c2f3dffffffff-2022-03,4
84c2f3dffffffff-2022-04,3
84c2f3dffffffff-2022-05,9
84c2f3dffffffff-2022-06,9
84c2f3dffffffff-2022-07,8
84c2f3dffffffff-2022-08,7
84c2f3dffffffff-2022-09,2
84c2f3dffffffff-2022-10,10
84c2f3dffffffff-2022-11,2
84c2f3dffffffff-2022-12,7
84c2f3dffffffff-2023-01,7
84c2f3dffffffff-2023-03,4
84c2f3dffffffff-2023-04,2
84c2f3dffffffff-2023-05,6
84c2f3dffffffff-2023-06,3
84c2f3dffffffff-2023-07,4
84c2f3dffffffff-2023-08,2
84c2f3dffffffff-2023-09,4
84c2f3dffffffff-2023-10,8
84c2f3dffffffff-2023-11,1
